Roll_Code,Math,English,Science,Total
2022_B10001,100,35,72,207
2019_B10002,0,57,77,134
2019_B10003,86,19,53,158
2022_A10004,14,29,69,112
2022_B10005,8,89,88,185
2022_B10006,34,49,68,151
2019_C10007,54,19,72,145
2022_B10008,37,71,58,166
2021_C10009,90,26,49,165
2019_A10010,30,95,27,152
2021_C10011,83,66,70,219
2021_C10012,33,48,32,113
2022_C10013,56,24,32,112
2022_B10014,79,94,64,237
2021_B10015,70,48,78,196
2021_B10016,87,42,62,191
2022_A10017,68,28,68,164
2021_C10018,61,52,31,144
2019_B10019,49,55,56,160
2022_C10020,2,59,49,110
2021_B10021,68,40,25,133
2019_B10022,71,48,58,177
2021_A10023,21,78,40,139
2019_C10024,45,76,75,196
2021_A10025,82,94,79,255
2021_B10026,25,56,33,114
2019_B10027,100,90,26,216
2021_C10028,27,26,92,145
2022_B10029,34,55,92,181
2019_A10030,2,92,28,122
2021_C10031,11,38,62,111
2022_A10032,28,42,84,154
2019_A10033,45,21,27,93
2022_A10034,94,71,52,217
2019_B10035,98,92,41,231
2022_A10036,44,59,95,198
2022_A10037,30,70,74,174
2021_A10038,73,87,38,198
2021_A10039,94,30,61,185
2022_C10040,37,28,82,147
2022_A10041,1,18,55,74
2019_B10042,78,32,74,184
2019_A10043,70,20,72,162
2019_C10044,11,32,77,120
2021_B10045,82,85,69,236
2022_C10046,48,56,60,164
2022_C10047,94,97,91,282
2021_A10048,19,91,85,195
2022_A10049,96,38,90,224
2022_C10050,83,37,82,202
2019_A10051,97,74,85,256
2019_A10052,46,68,98,212
2022_A10053,40,90,59,189
2019_A10054,83,90,36,209
2022_A10055,29,83,92,204
2021_B10056,65,91,49,205
2022_B10057,58,21,27,106
2019_A10058,46,64,23,133
2021_B10059,15,21,65,101
2022_A10060,32,88,81,201
2019_B10061,91,75,30,196
2021_B10062,62,90,46,198
2019_A10063,33,19,59,111
2022_A10064,64,76,45,185
2019_C10065,97,94,73,264
2022_B10066,27,40,92,159
2019_B10067,35,31,88,154
2022_A10068,45,32,90,167
2019_C10069,53,56,88,197
2022_C10070,72,59,22,153
2019_C10071,60,54,51,165
2022_C10072,75,53,47,175
2022_C10073,67,96,50,213
2021_C10074,84,93,86,263
2019_C10075,44,65,98,207
2022_B10076,65,86,51,202
2021_C10077,79,38,93,210
2019_C10078,39,84,79,202
2021_A10079,34,49,26,109
2021_A10080,82,11,43,136
2021_B10081,75,15,75,165
2021_B10082,34,15,76,125
2021_B10083,99,54,50,203
2019_B10084,96,19,42,157
2022_C10085,72,22,81,175
2022_A10086,17,71,50,138
2019_C10087,69,51,30,150
2021_B10088,93,36,28,157
2019_A10089,37,17,50,104
2021_B10090,6,18,35,59
2022_B10091,61,19,57,137
2019_A10092,27,24,68,119
2022_A10093,26,40,81,147
2022_A10094,11,97,95,203
2019_C10095,86,78,45,209
2021_C10096,10,79,68,157
2022_C10097,24,72,45,141
2021_C10098,26,61,84,171
2022_B10099,8,73,57,138
2022_C10100,92,96,61,249
2021_A10101,89,26,94,209
2019_B10102,1,25,82,108
2021_B10103,8,65,49,122
2021_B10104,14,67,57,138
2021_A10105,69,28,54,151
2019_A10106,53,24,59,136
2022_A10107,58,73,46,177
2021_B10108,42,25,23,90
2019_C10109,0,53,58,111
2021_A10110,80,46,91,217
2021_A10111,84,85,73,242
2022_B10112,59,29,25,113
2021_B10113,48,79,65,192
2022_B10114,65,63,69,197
2019_B10115,19,58,78,155
2021_A10116,10,82,41,133
2022_A10117,96,60,81,237
2021_C10118,0,56,47,103
2019_B10119,93,89,54,236
2019_B10120,23,60,53,136
2022_B10121,26,28,76,130
2019_A10122,13,95,96,204
2021_A10123,56,17,90,163
2019_A10124,38,15,54,107
2021_C10125,61,79,30,170
2019_C10126,91,87,35,213
2019_C10127,96,91,51,238
2021_C10128,39,28,32,99
2022_A10129,16,78,90,184
2022_C10130,39,66,27,132
2022_B10131,16,73,53,142
2019_C10132,1,89,52,142
2022_A10133,44,14,75,133
2021_C10134,15,51,94,160
2022_A10135,50,85,31,166
2019_C10136,7,56,50,113
2019_A10137,19,78,44,141
2019_C10138,33,42,39,114
2019_A10139,12,30,70,112
2021_A10140,96,12,86,194
2021_C10141,24,64,52,140
2021_B10142,7,17,32,56
2022_A10143,38,93,83,214
2021_B10144,84,18,45,147
2022_B10145,14,95,34,143
2022_A10146,80,93,67,240
2022_A10147,36,43,35,114
2019_A10148,48,89,51,188
2021_C10149,39,57,51,147
2022_B10150,91,74,23,188
2021_A10151,16,76,22,114
2021_B10152,93,86,32,211
2022_B10153,28,97,84,209
2019_A10154,30,46,64,140
2022_B10155,1,83,99,183
2019_B10156,37,95,24,156
2022_C10157,35,38,72,145
2021_A10158,80,26,68,174
2022_A10159,72,31,77,180
2022_C10160,13,74,67,154
2019_C10161,22,85,65,172
2021_A10162,83,17,28,128
2022_B10163,93,93,84,270
2022_C10164,79,68,51,198
2019_B10165,21,57,85,163
2021_A10166,45,93,59,197
2019_B10167,65,21,58,144
2021_A10168,21,89,49,159
2021_B10169,6,96,74,176
2022_B10170,66,65,21,152
2022_B10171,74,94,22,190
2019_A10172,73,87,49,209
2021_A10173,69,46,77,192
2022_C10174,44,48,65,157
2022_C10175,53,93,52,198
2021_C10176,40,60,36,136
2019_A10177,33,86,55,174
2022_B10178,79,19,43,141
2022_C10179,76,73,37,186
2022_C10180,40,53,46,139
2022_A10181,40,86,78,204
2019_B10182,71,32,43,146
2019_A10183,3,19,84,106
2022_A10184,98,53,44,195
2021_A10185,2,13,63,78
2022_B10186,94,26,73,193
2019_C10187,37,71,41,149
2019_A10188,2,80,81,163
2021_C10189,46,22,69,137
2021_C10190,43,50,28,121
2019_B10191,39,45,47,131
2019_C10192,43,38,90,171
2022_C10193,81,97,81,259
2019_C10194,50,24,94,168
2019_B10195,77,55,59,191
2021_C10196,74,18,58,150
2019_C10197,28,78,29,135
2022_B10198,53,87,97,237
2022_B10199,94,66,41,201
2019_C10200,2,59,64,125
2022_B10201,69,48,63,180
2021_C10202,10,80,61,151
2022_B10203,74,85,79,238
2021_C10204,64,74,34,172
2022_A10205,88,31,96,215
2022_A10206,34,27,42,103
2022_C10207,14,32,58,104
2019_A10208,19,33,83,135
2019_B10209,51,83,60,194
2021_B10210,45,56,76,177
2019_C10211,17,31,56,104
2021_A10212,61,66,72,199
2021_C10213,62,22,32,116
2022_A10214,47,34,99,180
2022_B10215,30,45,33,108
2022_C10216,45,66,89,200
2021_A10217,42,56,60,158
2019_C10218,30,55,88,173
2019_B10219,37,25,67,129
2019_A10220,72,75,59,206
2019_B10221,85,13,39,137
2021_B10222,83,26,97,206
2019_B10223,15,19,32,66
2019_B10224,74,28,86,188
2022_C10225,88,14,98,200
2022_A10226,52,65,92,209
2021_B10227,6,73,52,131
2021_B10228,97,40,28,165
2019_A10229,71,87,70,228
2022_C10230,71,94,34,199
2021_C10231,14,45,28,87
2019_A10232,39,73,30,142
2019_B10233,30,63,92,185
2019_C10234,56,67,95,218
2022_A10235,17,68,24,109
2022_C10236,64,16,33,113
2022_C10237,81,93,64,238
2021_C10238,37,63,72,172
2021_A10239,55,97,23,175
2021_C10240,33,44,61,138
2022_A10241,36,94,89,219
2022_B10242,33,33,72,138
2022_B10243,88,52,85,225
2021_C10244,21,79,30,130
2019_B10245,70,93,47,210
2022_B10246,82,58,67,207
2021_A10247,66,57,93,216
2022_B10248,53,56,31,140
2019_B10249,11,12,74,97
2022_A10250,16,43,27,86
2022_B10251,99,54,84,237
2019_C10252,49,93,61,203
2021_A10253,48,27,43,118
2021_B10254,50,79,25,154
2022_A10255,78,35,94,207
2019_A10256,30,89,66,185
2019_B10257,93,13,30,136
2021_A10258,81,33,77,191
2022_B10259,10,23,89,122
2019_A10260,31,95,73,199
2019_A10261,36,78,71,185
2021_B10262,13,60,38,111
2019_C10263,24,75,79,178
2019_A10264,73,27,58,158
2019_B10265,50,78,46,174
2021_B10266,41,85,52,178
2021_B10267,5,46,32,83
2019_C10268,60,62,85,207
2019_B10269,52,54,33,139
2021_B10270,24,66,75,165
2021_A10271,91,74,96,261
2021_C10272,79,25,66,170
2021_B10273,67,73,25,165
2019_A10274,15,54,36,105
2021_B10275,69,62,45,176
2019_C10276,10,51,65,126
2022_B10277,47,27,78,152
2019_C10278,27,25,87,139
2021_C10279,95,97,40,232
2019_C10280,5,45,80,130
2019_A10281,19,58,81,158
2019_C10282,49,85,30,164
2022_A10283,25,82,88,195
2019_B10284,76,45,52,173
2019_A10285,49,29,38,116
2019_C10286,39,36,57,132
2021_A10287,64,70,69,203
2022_B10288,65,61,57,183
2019_C10289,94,33,67,194
2021_C10290,86,63,31,180
2022_B10291,95,93,58,246
2019_B10292,78,15,65,158
2019_C10293,27,22,73,122
2021_B10294,4,94,86,184
2022_B10295,100,13,85,198
2022_A10296,67,70,63,200
2022_C10297,83,53,88,224
2019_A10298,81,24,35,140
2022_A10299,54,55,63,172
2022_B10300,81,47,96,224
2019_C10301,19,65,99,183
2022_B10302,77,70,34,181
2022_C10303,22,81,49,152
2021_B10304,52,47,65,164
2022_A10305,54,35,78,167
2022_C10306,28,43,73,144
2022_B10307,25,29,85,139
2021_A10308,35,59,61,155
2019_B10309,83,61,98,242
2021_C10310,99,48,34,181
2021_A10311,94,56,21,171
2021_A10312,78,31,40,149
2019_C10313,99,42,35,176
2019_B10314,5,22,25,52
2019_C10315,22,94,26,142
2019_A10316,62,57,92,211
2022_C10317,77,83,59,219
2021_A10318,11,12,30,53
2019_B10319,4,40,76,120
2019_C10320,82,44,35,161
2022_A10321,66,56,41,163
2022_C10322,96,64,73,233
2021_C10323,46,39,39,124
2021_B10324,61,95,34,190
2019_A10325,85,46,51,182
2019_C10326,95,69,52,216
2021_B10327,65,62,37,164
2019_A10328,21,39,63,123
2022_B10329,93,42,89,224
2021_B10330,94,66,66,226
2022_A10331,7,50,44,101
2021_B10332,61,94,72,227
2021_C10333,20,69,21,110
2021_C10334,16,94,90,200
2022_A10335,34,14,46,94
2019_B10336,85,91,68,244
2022_A10337,20,69,28,117
2021_A10338,51,92,62,205
2019_B10339,7,15,62,84
2019_B10340,7,21,51,79
2022_C10341,51,34,96,181
2022_A10342,8,43,56,107
2019_B10343,94,13,81,188
2022_C10344,59,22,52,133
2019_C10345,25,42,48,115
2022_A10346,9,87,51,147
2022_A10347,93,42,25,160
2021_A10348,24,94,96,214
2021_B10349,58,68,28,154
2019_A10350,24,47,31,102
2021_C10351,48,58,88,194
2021_C10352,63,70,46,179
2019_B10353,60,25,88,173
2022_C10354,87,56,45,188
2021_C10355,60,88,82,230
2019_B10356,42,68,41,151
2019_B10357,87,28,84,199
2019_A10358,52,64,42,158
2022_C10359,46,41,36,123
2021_C10360,7,25,82,114
2022_A10361,83,16,64,163
2022_B10362,47,96,26,169
2019_C10363,38,63,95,196
2021_A10364,90,73,75,238
2019_A10365,52,27,70,149
2021_A10366,45,15,68,128
2022_C10367,92,85,71,248
2021_A10368,76,90,86,252
2021_C10369,53,92,64,209
2022_B10370,69,56,58,183
2022_C10371,1,27,24,52
2022_B10372,88,45,64,197
2022_C10373,70,72,23,165
2019_A10374,89,63,25,177
2022_A10375,65,74,27,166
2022_C10376,39,28,70,137
2019_B10377,3,57,68,128
2021_B10378,45,28,54,127
2019_C10379,89,49,21,159
2021_B10380,5,18,37,60
2021_B10381,47,55,87,189
2021_A10382,18,43,66,127
2021_C10383,34,39,51,124
2019_B10384,4,17,25,46
2022_A10385,17,56,99,172
2022_A10386,83,35,26,144
2022_B10387,95,29,80,204
2019_B10388,68,39,24,131
2019_A10389,52,35,94,181
2022_B10390,84,57,76,217
2021_C10391,47,20,73,140
2022_A10392,52,63,21,136
2019_C10393,100,24,58,182
2019_A10394,5,49,89,143
2019_C10395,86,24,98,208
2021_B10396,36,61,97,194
2019_A10397,65,68,91,224
2022_C10398,27,42,82,151
2022_B10399,96,28,95,219
2021_B10400,9,82,94,185
2021_A10401,96,74,55,225
2022_B10402,14,55,74,143
2022_C10403,100,35,83,218
2019_B10404,3,86,95,184
2022_B10405,43,36,86,165
2021_B10406,37,71,53,161
2019_A10407,75,37,40,152
2021_A10408,11,43,75,129
2022_A10409,45,43,38,126
2022_C10410,59,93,92,244
2022_C10411,13,23,88,124
2019_B10412,62,65,92,219
2022_A10413,96,83,25,204
2021_B10414,71,77,39,187
2022_C10415,72,21,53,146
2021_B10416,5,80,31,116
2019_C10417,100,72,99,271
2022_B10418,56,18,82,156
2022_A10419,66,40,36,142
2019_A10420,5,88,58,151
2022_C10421,97,35,23,155
2019_A10422,11,74,49,134
2021_A10423,38,49,29,116
2019_B10424,20,11,59,90
2019_B10425,97,91,52,240
2021_A10426,12,24,89,125
2022_A10427,71,45,55,171
2021_C10428,53,62,49,164
2019_B10429,90,17,21,128
2019_C10430,58,84,44,186
2019_C10431,71,89,74,234
2019_C10432,47,71,62,180
2022_C10433,25,34,83,142
2019_C10434,55,63,80,198
2021_B10435,91,46,57,194
2022_C10436,8,24,40,72
2019_A10437,86,74,64,224
2019_A10438,85,25,72,182
2021_B10439,63,57,36,156
2019_B10440,49,58,90,197
2021_C10441,54,90,47,191
2022_A10442,14,64,73,151
2022_B10443,35,64,88,187
2021_A10444,70,29,81,180
2021_C10445,79,71,33,183
2022_C10446,97,37,90,224
2021_B10447,7,75,49,131
2021_B10448,53,28,86,167
2019_C10449,74,80,72,226
2021_A10450,91,79,29,199
2019_A10451,59,83,23,165
2019_A10452,32,79,82,193
2022_C10453,18,75,32,125
2019_A10454,82,61,68,211
2022_C10455,59,97,93,249
2019_C10456,96,12,74,182
2021_A10457,93,64,54,211
2019_A10458,53,74,93,220
2022_B10459,97,58,60,215
2019_C10460,13,22,31,66
2021_A10461,80,40,80,200
2022_A10462,73,18,61,152
2019_C10463,73,60,84,217
2019_A10464,80,41,25,146
2021_A10465,92,76,78,246
2019_C10466,8,83,35,126
2021_C10467,53,63,74,190
2019_C10468,52,86,60,198
2019_A10469,63,69,24,156
2022_C10470,27,94,60,181
2022_A10471,40,38,86,164
2019_A10472,87,25,24,136
2019_A10473,24,65,55,144
2019_C10474,17,12,76,105
2022_B10475,52,77,33,162
2021_C10476,27,62,94,183
2022_A10477,87,44,62,193
2019_B10478,71,20,67,158
2019_A10479,37,51,74,162
2019_C10480,47,75,64,186
2019_A10481,75,29,65,169
2019_B10482,71,64,80,215
2022_B10483,46,14,77,137
2022_B10484,13,25,50,88
2021_B10485,28,83,76,187
2019_B10486,66,58,39,163
2021_B10487,67,17,68,152
2022_C10488,34,31,35,100
2022_C10489,52,52,44,148
2019_C10490,98,60,68,226
2021_B10491,7,73,63,143
2019_C10492,92,76,34,202
2019_A10493,13,94,57,164
2022_A10494,75,75,42,192
2022_B10495,16,88,69,173
2019_A10496,25,91,63,179
2021_A10497,24,79,49,152
2022_B10498,3,82,36,121
2021_B10499,8,52,56,116
2021_A10500,79,68,70,217
2022_B10501,41,54,54,149
2021_C10502,38,36,49,123
2022_B10503,86,84,95,265
2022_B10504,29,78,97,204
2021_C10505,15,85,24,124
2022_C10506,25,65,24,114
2021_B10507,17,22,67,106
2021_B10508,80,61,64,205
2021_C10509,16,34,83,133
2022_C10510,6,31,56,93
2022_A10511,72,12,70,154
2021_B10512,69,50,77,196
2021_B10513,1,64,85,150
2022_A10514,8,63,61,132
2019_B10515,7,60,90,157
2022_A10516,33,87,73,193
2019_B10517,47,24,22,93
2021_A10518,6,75,79,160
2021_C10519,98,81,52,231
2022_B10520,58,84,24,166
2019_B10521,63,55,65,183
2021_B10522,9,12,22,43
2021_A10523,63,56,29,148
2022_B10524,26,62,77,165
2019_A10525,88,86,97,271
2019_B10526,26,90,36,152
2022_C10527,99,23,21,143
2022_A10528,15,74,63,152
2021_B10529,0,79,56,135
2019_A10530,8,62,54,124
2019_A10531,7,27,77,111
2022_A10532,74,83,79,236
2021_B10533,36,51,29,116
2021_A10534,28,29,55,112
2019_A10535,53,40,40,133
2022_B10536,56,62,22,140
2019_B10537,63,81,53,197
2021_A10538,3,65,77,145
2019_B10539,80,11,36,127
2019_A10540,48,19,52,119
2021_B10541,54,53,45,152
2022_A10542,73,58,90,221
2022_B10543,4,93,56,153
2021_A10544,3,60,95,158
2022_A10545,47,42,90,179
2021_B10546,68,26,95,189
2019_A10547,25,97,80,202
2022_B10548,82,90,25,197
2019_C10549,78,48,84,210
2019_A10550,79,32,66,177
2021_B10551,81,68,22,171
2022_B10552,66,29,59,154
2021_B10553,97,64,36,197
2021_C10554,85,81,94,260
2022_B10555,71,73,54,198
2021_B10556,68,61,23,152
2019_B10557,70,42,71,183
2021_A10558,29,56,23,108
2021_A10559,13,97,93,203
2019_B10560,24,30,67,121
2022_C10561,29,59,47,135
2021_B10562,55,82,85,222
2022_B10563,35,38,53,126
2021_B10564,8,76,23,107
2021_C10565,49,27,66,142
2019_A10566,90,31,89,210
2022_C10567,49,68,93,210
2022_C10568,50,73,41,164
2022_A10569,97,62,57,216
2022_C10570,83,47,65,195
2021_A10571,92,83,84,259
2022_C10572,20,62,34,116
2019_C10573,32,45,77,154
2022_A10574,10,85,83,178
2021_A10575,16,50,94,160
2022_B10576,78,35,29,142
2019_A10577,70,24,66,160
2022_B10578,42,93,39,174
2022_A10579,43,97,65,205
2021_C10580,50,50,60,160
2022_A10581,73,33,72,178
2021_C10582,45,16,94,155
2022_C10583,3,15,99,117
2022_B10584,28,43,36,107
2021_B10585,28,29,36,93
2022_C10586,20,35,79,134
2019_B10587,24,38,84,146
2019_C10588,7,94,49,150
2019_C10589,96,32,27,155
2019_B10590,41,95,87,223
2019_A10591,61,16,37,114
2019_A10592,48,88,58,194
2019_A10593,49,74,66,189
2019_A10594,39,41,72,152
2019_A10595,10,82,46,138
2022_A10596,25,92,23,140
2019_A10597,65,50,26,141
2022_A10598,62,65,40,167
2021_C10599,99,51,82,232
2022_A10600,97,49,39,185
2019_A10601,11,44,71,126
2021_B10602,71,53,36,160
2022_A10603,0,69,89,158
2019_B10604,13,53,57,123
2021_C10605,92,19,24,135
2019_B10606,43,32,89,164
2022_A10607,1,73,88,162
2022_A10608,8,70,58,136
2019_B10609,83,73,24,180
2019_B10610,6,86,58,150
2022_A10611,59,45,70,174
2021_A10612,83,55,75,213
2021_B10613,11,40,54,105
2021_A10614,27,13,80,120
2019_B10615,11,31,73,115
2021_C10616,77,67,34,178
2021_C10617,63,65,62,190
2022_A10618,51,86,32,169
2022_B10619,99,40,96,235
2021_B10620,98,22,78,198
2019_C10621,23,28,42,93
2021_A10622,86,26,89,201
2022_C10623,97,74,67,238
2019_C10624,100,86,90,276
2021_B10625,86,60,98,244
2021_C10626,13,55,61,129
2019_B10627,55,30,75,160
2019_B10628,11,91,89,191
2021_B10629,81,56,90,227
2021_C10630,61,76,46,183
2019_B10631,33,58,32,123
2019_B10632,50,11,76,137
2022_A10633,41,76,43,160
2019_A10634,43,34,72,149
2019_C10635,50,97,62,209
2022_B10636,40,92,59,191
2022_C10637,85,21,91,197
2019_C10638,40,12,85,137
2021_C10639,20,90,24,134
2021_B10640,55,46,30,131
2019_A10641,63,51,82,196
2022_C10642,45,83,83,211
2021_A10643,64,15,97,176
2019_A10644,16,82,32,130
2022_A10645,29,30,72,131
2019_B10646,20,58,38,116
2019_A10647,56,66,53,175
2022_C10648,65,42,40,147
2021_A10649,59,78,50,187
2021_C10650,72,91,86,249
2021_A10651,55,62,73,190
2021_C10652,83,49,44,176
2022_B10653,5,57,63,125
2019_C10654,20,42,77,139
2019_B10655,10,74,27,111
2022_A10656,57,39,85,181
2021_C10657,50,67,62,179
2021_B10658,52,95,22,169
2022_C10659,63,81,44,188
2021_B10660,10,53,44,107
2022_C10661,84,67,46,197
2022_C10662,12,32,63,107
2022_B10663,6,87,55,148
2022_B10664,50,85,71,206
2022_B10665,32,86,59,177
2022_B10666,72,48,86,206
2021_C10667,77,18,56,151
2021_C10668,71,66,27,164
2019_A10669,52,48,83,183
2022_C10670,99,13,24,136
2021_C10671,80,31,91,202
2022_A10672,55,35,55,145
2022_B10673,35,13,94,142
2019_C10674,81,88,49,218
2022_B10675,80,14,53,147
2021_C10676,51,39,39,129
2022_A10677,99,45,96,240
2019_B10678,25,49,49,123
2019_A10679,72,17,33,122
2021_C10680,0,60,80,140
2022_B10681,18,34,91,143
2019_A10682,37,37,33,107
2019_A10683,89,72,78,239
2021_C10684,34,49,42,125
2022_B10685,19,58,96,173
2021_A10686,20,14,27,61
2022_B10687,15,48,27,90
2021_C10688,87,79,62,228
2021_A10689,42,71,40,153
2021_B10690,34,52,86,172
2021_C10691,60,71,93,224
2022_A10692,5,85,28,118
2019_B10693,13,52,77,142
2021_A10694,15,88,30,133
2021_C10695,52,37,31,120
2021_A10696,58,16,91,165
2021_C10697,29,38,75,142
2022_B10698,71,79,45,195
2021_C10699,49,52,21,122
2019_A10700,89,15,77,181
2022_C10701,22,67,93,182
2022_B10702,88,66,78,232
2022_C10703,27,16,27,70
2019_A10704,86,14,43,143
2022_B10705,36,33,91,160
2021_C10706,72,13,28,113
2022_A10707,96,29,31,156
2019_A10708,96,44,31,171
2022_A10709,36,94,43,173
2021_A10710,68,24,90,182
2022_C10711,91,20,58,169
2021_B10712,88,64,55,207
2021_B10713,93,68,33,194
2019_C10714,64,61,98,223
2021_B10715,89,67,86,242
2021_B10716,11,31,26,68
2021_A10717,68,20,67,155
2021_A10718,90,13,61,164
2021_A10719,20,42,75,137
2019_B10720,88,86,88,262
2019_C10721,56,15,53,124
2022_A10722,95,25,27,147
2019_B10723,100,45,80,225
2022_B10724,75,50,91,216
2021_C10725,83,19,78,180
2021_B10726,46,22,29,97
2021_C10727,88,54,55,197
2022_C10728,91,96,82,269
2022_C10729,24,87,97,208
2022_C10730,0,83,70,153
2019_B10731,34,78,80,192
2021_C10732,48,47,99,194
2021_B10733,70,43,63,176
2022_C10734,90,16,99,205
2021_C10735,87,95,67,249
2021_B10736,31,13,79,123
2021_A10737,75,94,74,243
2019_B10738,50,50,73,173
2022_B10739,38,75,73,186
2019_C10740,14,46,64,124
2021_C10741,91,70,28,189
2022_A10742,15,68,78,161
2022_A10743,63,73,82,218
2021_A10744,97,49,48,194
2022_A10745,1,22,44,67
2019_A10746,50,30,43,123
2019_C10747,91,21,82,194
2022_A10748,57,96,65,218
2021_A10749,79,14,73,166
2022_B10750,64,52,22,138
2021_A10751,31,74,24,129
2019_C10752,72,78,48,198
2021_A10753,84,69,30,183
2022_C10754,31,62,52,145
2019_C10755,58,26,58,142
2019_C10756,24,11,96,131
2021_B10757,28,77,96,201
2022_A10758,44,49,87,180
2022_B10759,65,38,23,126
2022_A10760,81,24,67,172
2022_A10761,62,92,96,250
2019_C10762,5,79,61,145
2021_B10763,100,34,28,162
2021_A10764,11,53,90,154
2019_B10765,12,27,87,126
2021_A10766,7,19,83,109
2022_C10767,52,84,64,200
2019_C10768,27,12,21,60
2019_C10769,64,57,27,148
2019_A10770,62,69,74,205
2022_A10771,54,34,82,170
2021_C10772,78,75,77,230
2019_A10773,40,77,60,177
2021_C10774,31,60,33,124
2021_B10775,73,91,35,199
2021_C10776,45,78,35,158
2022_A10777,22,97,64,183
2022_B10778,86,40,30,156
2022_B10779,65,39,50,154
2019_A10780,62,72,50,184
2021_C10781,59,59,91,209
2019_C10782,21,92,22,135
2019_A10783,42,87,98,227
2022_A10784,28,93,76,197
2021_B10785,91,47,29,167
2021_A10786,82,68,37,187
2021_A10787,65,41,29,135
2019_B10788,44,15,86,145
2019_A10789,21,75,69,165
2022_C10790,92,94,24,210
2021_A10791,11,79,69,159
2022_C10792,90,89,43,222
2019_A10793,43,30,96,169
2021_A10794,33,93,65,191
2019_B10795,100,80,58,238
2022_A10796,17,23,98,138
2019_A10797,75,31,29,135
2019_A10798,76,53,27,156
2021_B10799,63,86,85,234
2021_B10800,11,48,84,143
2019_B10801,71,34,37,142
2022_C10802,76,22,63,161
2021_C10803,72,63,58,193
2022_A10804,24,19,40,83
2021_A10805,20,92,39,151
2022_B10806,65,84,31,180
2022_C10807,93,36,76,205
2021_A10808,45,19,53,117
2021_A10809,0,24,78,102
2021_C10810,49,19,77,145
2019_A10811,74,21,46,141
2021_B10812,42,84,83,209
2021_A10813,27,56,95,178
2022_B10814,24,92,55,171
2022_B10815,81,88,97,266
2022_C10816,22,74,50,146
2021_A10817,12,51,89,152
2021_A10818,65,91,88,244
2019_A10819,62,33,29,124
2019_C10820,56,70,92,218
2022_B10821,56,88,26,170
2019_A10822,88,37,96,221
2019_C10823,44,19,22,85
2021_B10824,63,54,88,205
2022_B10825,24,52,99,175
2019_B10826,37,75,37,149
2019_B10827,85,67,90,242
2019_A10828,50,47,62,159
2021_C10829,57,80,72,209
2022_C10830,41,22,76,139
2022_A10831,64,71,25,160
2019_A10832,92,24,83,199
2021_B10833,85,97,37,219
2019_B10834,31,95,98,224
2021_A10835,68,36,75,179
2021_B10836,70,24,34,128
2022_C10837,15,84,98,197
2022_C10838,81,17,41,139
2021_C10839,87,31,72,190
2019_A10840,0,81,55,136
2019_B10841,60,29,56,145
2019_A10842,50,68,33,151
2021_B10843,84,26,50,160
2021_B10844,63,12,26,101
2019_C10845,7,80,91,178
2022_A10846,31,71,39,141
2022_B10847,63,44,89,196
2021_B10848,18,73,66,157
2022_A10849,6,21,78,105
2022_C10850,27,25,89,141
2022_B10851,32,79,35,146
2022_B10852,28,26,55,109
2019_A10853,18,88,30,136
2019_C10854,96,63,91,250
2022_A10855,61,83,55,199
2021_B10856,71,65,88,224
2019_A10857,81,39,94,214
2022_A10858,59,33,75,167
2022_B10859,59,24,96,179
2019_C10860,21,75,66,162
2019_B10861,4,75,37,116
2019_A10862,96,40,48,184
2021_B10863,14,54,37,105
2019_B10864,87,66,35,188
2021_C10865,56,41,34,131
2022_B10866,47,19,42,108
2022_A10867,10,60,68,138
2021_B10868,47,38,60,145
2019_A10869,46,25,74,145
2022_C10870,4,61,82,147
2022_C10871,18,49,54,121
2019_A10872,93,40,66,199
2022_B10873,81,78,61,220
2022_C10874,36,36,56,128
2019_A10875,64,91,72,227
2019_B10876,91,45,90,226
2021_C10877,96,86,62,244
2022_C10878,40,60,95,195
2021_B10879,52,89,60,201
2022_A10880,22,56,62,140
2019_A10881,66,36,50,152
2019_C10882,1,49,99,149
2019_B10883,41,41,32,114
2021_C10884,9,37,43,89
2019_C10885,65,62,34,161
2021_B10886,3,69,39,111
2021_A10887,93,92,78,263
2019_A10888,38,55,75,168
2019_C10889,59,58,98,215
2019_A10890,61,38,74,173
2021_B10891,4,89,26,119
2022_A10892,34,23,29,86
2021_B10893,97,89,23,209
2021_B10894,95,94,89,278
2021_B10895,37,39,58,134
2019_B10896,67,76,87,230
2021_B10897,70,72,66,208
2021_C10898,46,25,96,167
2021_C10899,40,21,92,153
2022_A10900,12,62,58,132
2021_A10901,18,82,48,148
2021_C10902,1,86,22,109
2021_C10903,67,39,76,182
2021_B10904,4,72,45,121
2022_B10905,99,57,96,252
2022_B10906,68,68,84,220
2022_A10907,21,20,87,128
2022_A10908,2,28,33,63
2022_A10909,16,54,53,123
2022_C10910,25,86,37,148
2021_A10911,1,60,98,159
2019_A10912,77,68,51,196
2022_A10913,3,67,47,117
2019_A10914,66,34,65,165
2022_C10915,6,14,36,56
2021_B10916,85,23,21,129
2022_A10917,77,92,89,258
2022_A10918,34,58,75,167
2022_B10919,65,18,54,137
2021_C10920,31,42,22,95
2022_B10921,0,24,69,93
2021_C10922,42,25,94,161
2022_C10923,9,21,57,87
2019_C10924,52,36,72,160
2021_B10925,48,28,67,143
2022_B10926,86,87,24,197
2019_C10927,1,33,38,72
2022_A10928,39,78,50,167
2021_C10929,48,29,59,136
2019_A10930,71,22,21,114
2021_B10931,70,72,96,238
2019_B10932,5,22,81,108
2021_B10933,27,16,70,113
2019_C10934,88,64,23,175
2021_B10935,74,92,89,255
2021_C10936,61,58,43,162
2021_B10937,32,88,69,189
2022_A10938,12,35,66,113
2022_C10939,30,91,86,207
2021_C10940,8,33,29,70
2022_C10941,42,59,55,156
2022_C10942,39,71,24,134
2019_A10943,5,41,93,139
2021_A10944,35,71,89,195
2022_C10945,97,42,72,211
2022_A10946,16,83,28,127
2021_C10947,55,87,24,166
2019_A10948,42,58,64,164
2021_B10949,1,33,51,85
2019_B10950,60,87,38,185
2021_A10951,46,30,94,170
2022_B10952,79,24,94,197
2022_C10953,13,28,70,111
2022_C10954,2,18,40,60
2021_B10955,76,92,59,227
2019_B10956,54,74,38,166
2022_C10957,71,17,65,153
2019_B10958,13,62,93,168
2021_A10959,41,71,52,164
2019_B10960,49,82,90,221
2022_C10961,29,60,77,166
2021_A10962,43,42,66,151
2022_A10963,19,13,28,60
2019_C10964,71,80,40,191
2022_A10965,26,24,93,143
2022_B10966,51,77,27,155
2021_C10967,22,84,93,199
2021_C10968,99,54,39,192
2021_B10969,69,36,27,132
2021_B10970,21,60,27,108
2019_C10971,23,46,97,166
2021_C10972,57,26,57,140
2021_C10973,11,12,23,46
2021_C10974,45,68,87,200
2021_C10975,34,77,49,160
2021_B10976,92,32,94,218
2022_A10977,2,91,24,117
2022_C10978,91,24,96,211
2021_C10979,45,76,47,168
2021_C10980,4,52,77,133
2019_A10981,56,42,33,131
2022_C10982,15,44,92,151
2022_B10983,2,41,34,77
2022_B10984,57,90,87,234
2019_C10985,32,76,51,159
2019_A10986,0,37,44,81
2021_C10987,44,64,57,165
2021_C10988,36,80,76,192
2019_C10989,45,93,66,204
2022_B10990,39,95,37,171
2019_B10991,89,51,90,230
2021_B10992,71,41,73,185
2022_C10993,52,73,70,195
2019_B10994,33,56,46,135
2019_B10995,90,57,66,213
2022_A10996,54,38,99,191
2022_B10997,13,41,87,141
2022_B10998,83,30,56,169
2022_A10999,62,55,53,170
2021_C11000,80,23,47,150
2019_C11001,44,83,91,218
2019_B11002,12,94,34,140
2019_A11003,54,41,21,116
2019_B11004,36,69,71,176
2022_A11005,81,48,58,187
2022_B11006,19,97,83,199
2022_C11007,66,69,96,231
2022_C11008,67,76,32,175
2022_B11009,9,23,82,114
2021_B11010,31,66,51,148
2022_A11011,52,30,21,103
2021_C11012,87,52,87,226
2022_B11013,26,29,95,150
2021_B11014,43,47,99,189
2022_A11015,90,84,70,244
2019_A11016,53,67,57,177
2022_C11017,85,58,95,238
2022_A11018,53,64,90,207
2022_C11019,69,70,60,199
2019_C11020,39,35,71,145
2021_C11021,41,20,82,143
2019_C11022,89,18,81,188
2019_B11023,82,38,43,163
2021_B11024,50,52,82,184
2019_A11025,97,34,52,183
2019_A11026,29,90,63,182
2022_A11027,29,55,32,116
2021_A11028,28,85,83,196
2022_B11029,16,54,73,143
2021_B11030,16,30,77,123
2022_C11031,4,78,48,130
2021_B11032,45,55,88,188
2022_B11033,98,26,23,147
2022_A11034,48,71,50,169
2019_C11035,26,46,32,104
2022_B11036,97,39,82,218
2021_B11037,99,45,76,220
2022_B11038,9,28,87,124
2022_B11039,25,45,80,150
2021_C11040,89,21,30,140
2021_A11041,50,84,49,183
2022_C11042,38,92,84,214
2021_B11043,83,80,97,260
2021_C11044,96,13,59,168
2021_C11045,41,44,95,180
2021_C11046,95,56,26,177
2021_A11047,4,81,21,106
2019_B11048,51,83,49,183
2022_A11049,37,44,47,128
2022_A11050,97,90,97,284
2021_C11051,2,77,41,120
2022_B11052,77,32,58,167
2022_C11053,80,26,72,178
2021_A11054,33,50,65,148
2019_B11055,67,97,90,254
2021_C11056,91,71,60,222
2021_B11057,0,66,82,148
2019_B11058,56,72,54,182
2022_A11059,86,33,93,212
2022_A11060,57,62,74,193
2021_B11061,83,50,62,195
2019_C11062,19,56,95,170
2021_B11063,69,44,69,182
2019_A11064,100,60,44,204
2019_B11065,68,36,46,150
2019_C11066,46,66,34,146
2021_A11067,23,76,49,148
2019_C11068,13,14,41,68
2019_C11069,99,44,82,225
2022_C11070,93,23,95,211
2019_C11071,65,32,50,147
2021_A11072,52,14,91,157
2021_A11073,15,37,65,117
2022_B11074,69,26,95,190
2019_C11075,45,65,24,134
2019_C11076,58,91,56,205
2021_C11077,36,47,85,168
2019_A11078,25,29,65,119
2019_C11079,30,22,79,131
2019_B11080,81,66,87,234
2022_C11081,92,79,39,210
2022_A11082,28,36,23,87
2021_C11083,34,91,72,197
2021_A11084,75,44,92,211
2021_A11085,65,56,44,165
2019_C11086,38,43,70,151
2022_C11087,67,39,80,186
2019_C11088,40,90,46,176
2021_C11089,71,65,25,161
2022_B11090,6,15,25,46
2022_C11091,71,31,82,184
2021_A11092,70,57,37,164
2022_A11093,24,11,21,56
2021_C11094,59,97,65,221
2019_A11095,81,34,66,181
2021_A11096,55,32,97,184
2021_C11097,42,29,55,126
2022_A11098,16,31,75,122
2021_C11099,50,33,39,122
2022_C11100,69,87,36,192
2019_C11101,28,71,98,197
2022_B11102,96,86,29,211
2022_B11103,62,62,54,178
2021_A11104,5,34,79,118
2022_B11105,100,49,88,237
2019_B11106,6,33,45,84
2022_C11107,89,35,61,185
2021_A11108,30,50,21,101
2021_A11109,21,26,83,130
2021_C11110,13,95,92,200
2022_C11111,55,17,49,121
2021_C11112,20,34,45,99
2019_C11113,86,67,63,216
2019_C11114,30,34,64,128
2019_A11115,96,42,82,220
2022_B11116,37,23,70,130
2022_C11117,70,83,22,175
2021_B11118,18,63,61,142
2021_A11119,70,65,48,183
2021_B11120,67,90,44,201
2022_B11121,99,91,43,233
2021_A11122,83,38,25,146
2021_A11123,34,90,25,149
2021_B11124,11,62,76,149
2021_B11125,55,77,27,159
2021_B11126,57,78,50,185
2021_A11127,19,41,32,92
2021_C11128,70,15,88,173
2022_C11129,10,40,23,73
2022_A11130,84,90,34,208
2022_A11131,7,74,78,159
2022_B11132,76,85,76,237
2021_C11133,57,97,50,204
2022_C11134,38,29,23,90
2019_A11135,37,81,22,140
2022_C11136,36,31,22,89
2019_C11137,58,80,85,223
2021_C11138,19,66,56,141
2021_C11139,10,25,84,119
2022_B11140,36,21,53,110
2021_B11141,31,78,54,163
2019_C11142,97,20,88,205
2021_A11143,0,27,76,103
2019_A11144,17,40,70,127
2019_C11145,51,16,30,97
2022_A11146,33,29,81,143
2019_A11147,47,24,82,153
2021_C11148,30,64,85,179
2021_A11149,4,83,99,186
2021_B11150,2,15,28,45
2022_A11151,75,96,98,269
2022_B11152,16,52,60,128
2021_B11153,1,22,97,120
2019_A11154,45,83,43,171
2022_A11155,76,16,91,183
2021_A11156,63,80,61,204
2019_C11157,73,49,26,148
2019_B11158,2,74,39,115
2019_A11159,67,80,55,202
2021_A11160,60,74,80,214
2022_A11161,42,66,36,144
2019_C11162,16,50,78,144
2019_C11163,7,81,92,180
2022_A11164,33,45,95,173
2019_A11165,30,77,56,163
2022_C11166,93,60,82,235
2021_B11167,29,66,46,141
2019_C11168,91,88,99,278
2022_A11169,93,82,57,232
2021_B11170,40,61,93,194
2019_A11171,17,68,50,135
2019_A11172,44,41,53,138
2021_C11173,2,57,72,131
2022_A11174,20,64,82,166
2019_B11175,37,88,29,154
2019_B11176,33,69,64,166
2021_A11177,20,43,27,90
2021_A11178,19,45,78,142
2021_B11179,19,61,26,106
2019_A11180,26,85,33,144
2019_B11181,55,75,43,173
2021_A11182,63,59,85,207
2019_A11183,18,37,99,154
2022_B11184,71,96,68,235
2021_A11185,100,40,45,185
2022_A11186,27,54,62,143
2021_C11187,51,89,96,236
2022_C11188,94,72,38,204
2021_C11189,12,54,53,119
2021_C11190,28,22,44,94
2022_B11191,46,70,94,210
2022_A11192,95,23,78,196
2022_C11193,1,28,74,103
2022_A11194,88,66,87,241
2022_A11195,69,39,86,194
2021_A11196,32,52,24,108
2021_B11197,8,92,50,150
2021_C11198,13,46,98,157
2019_B11199,85,78,24,187
2021_C11200,49,43,26,118
2021_B11201,16,20,23,59
2022_B11202,35,89,32,156
2019_B11203,60,47,21,128
2022_B11204,1,61,88,150
2021_A11205,39,80,41,160
2022_B11206,78,66,90,234
2019_A11207,30,48,25,103
2019_A11208,80,92,65,237
2021_B11209,24,13,67,104
2019_A11210,88,42,67,197
2021_A11211,92,82,48,222
2022_B11212,96,30,36,162
2019_C11213,68,38,89,195
2019_C11214,89,73,33,195
2021_B11215,23,19,39,81
2021_C11216,53,33,42,128
2021_C11217,5,27,52,84
2019_B11218,73,72,49,194
2019_C11219,81,80,69,230
2022_C11220,54,86,70,210
2021_B11221,19,80,23,122
2021_C11222,27,85,84,196
2021_B11223,88,72,22,182
2022_C11224,25,22,23,70
2022_B11225,81,70,59,210
2019_A11226,45,67,33,145
2022_B11227,71,12,84,167
2019_C11228,71,12,37,120
2021_A11229,5,75,25,105
2019_B11230,62,44,77,183
2021_A11231,27,27,85,139
2022_A11232,49,39,54,142
2019_C11233,62,81,44,187
2022_C11234,85,66,52,203
2019_A11235,86,19,24,129
2021_B11236,22,15,46,83
2021_C11237,79,37,61,177
2021_A11238,72,89,36,197
2022_B11239,35,13,64,112
2022_A11240,45,25,56,126
2019_A11241,95,86,31,212
2022_A11242,24,47,94,165
2019_A11243,6,61,51,118
2019_A11244,10,38,49,97
2019_C11245,83,37,29,149
2021_B11246,97,27,25,149
2021_A11247,42,83,31,156
2019_A11248,84,66,78,228
2021_B11249,98,87,45,230
2019_B11250,97,91,66,254
2021_B11251,77,40,59,176
2021_A11252,19,61,99,179
2022_A11253,58,96,91,245
2021_C11254,23,22,25,70
2022_B11255,27,46,44,117
2022_B11256,25,53,37,115
2021_A11257,100,34,26,160
2021_C11258,41,42,53,136
2021_A11259,57,95,77,229
2019_B11260,39,38,84,161
2019_A11261,0,50,85,135
2021_C11262,87,22,48,157
2019_A11263,15,86,98,199
2022_A11264,5,65,51,121
2022_C11265,99,88,72,259
2022_B11266,56,83,80,219
2019_B11267,58,90,48,196
2022_A11268,64,27,98,189
2019_C11269,48,92,72,212
2019_B11270,0,20,47,67
2021_B11271,45,83,48,176
2019_C11272,46,79,21,146
2022_A11273,7,78,71,156
2021_A11274,2,79,44,125
2022_A11275,16,75,49,140
2019_A11276,17,58,63,138
2021_A11277,19,58,92,169
2019_A11278,22,68,34,124
2022_C11279,73,83,58,214
2022_A11280,89,39,27,155
2019_A11281,68,57,34,159
2021_B11282,21,90,88,199
2019_C11283,96,85,63,244
2021_B11284,33,31,65,129
2021_A11285,78,17,98,193
2019_B11286,49,20,83,152
2019_C11287,36,95,61,192
2021_C11288,1,86,62,149
2022_B11289,14,67,47,128
2022_A11290,1,65,90,156
2022_C11291,0,47,57,104
2021_B11292,47,90,36,173
2019_B11293,95,38,72,205
2019_C11294,27,55,29,111
2019_A11295,91,73,73,237
2022_A11296,47,92,45,184
2019_C11297,9,57,24,90
2019_A11298,82,84,58,224
2021_C11299,5,80,78,163
2022_B11300,79,66,84,229
2022_B11301,10,44,37,91
2022_C11302,34,50,41,125
2022_C11303,23,11,22,56
2022_C11304,30,47,61,138
2022_C11305,73,71,72,216
2021_A11306,83,83,23,189
2022_C11307,51,30,57,138
2019_C11308,9,37,81,127
2019_C11309,23,62,84,169
2021_B11310,80,44,97,221
2021_C11311,86,40,71,197
2021_A11312,16,41,78,135
2019_A11313,48,72,88,208
2022_A11314,0,97,51,148
2022_A11315,99,97,62,258
2022_A11316,76,68,26,170
2021_A11317,93,29,27,149
2022_A11318,42,96,29,167
2019_C11319,41,75,78,194
2019_B11320,94,70,34,198
2022_A11321,91,21,62,174
2022_C11322,83,87,52,222
2021_C11323,1,42,25,68
2019_A11324,56,48,43,147
2022_A11325,73,47,47,167
2019_B11326,17,37,93,147
2022_B11327,38,53,89,180
2022_B11328,35,72,62,169
2019_C11329,79,91,76,246
2022_C11330,97,95,92,284
2019_C11331,89,29,89,207
2021_A11332,90,69,45,204
2021_A11333,49,88,81,218
2022_A11334,1,41,62,104
2021_B11335,12,70,93,175
2019_A11336,82,20,68,170
2019_B11337,71,68,84,223
2022_A11338,85,11,41,137
2019_A11339,91,61,80,232
2022_C11340,2,95,61,158
2019_B11341,98,49,75,222
2021_A11342,79,41,59,179
2021_A11343,56,27,49,132
2021_C11344,2,65,66,133
2022_C11345,15,28,25,68
2019_B11346,77,24,31,132
2019_B11347,21,61,68,150
2019_C11348,53,11,36,100
2021_A11349,39,71,33,143
2021_B11350,82,55,73,210
2022_B11351,20,88,67,175
2019_C11352,16,73,83,172
2022_A11353,80,83,50,213
2022_C11354,75,22,27,124
2019_A11355,47,15,48,110
2021_B11356,12,20,63,95
2019_B11357,65,47,42,154
2022_C11358,81,35,51,167
2019_C11359,11,31,22,64
2022_A11360,40,74,96,210
2019_B11361,23,32,53,108
2021_C11362,17,45,95,157
2022_B11363,73,22,57,152
2021_A11364,92,17,52,161
2022_C11365,75,54,66,195
2022_C11366,89,69,38,196
2019_C11367,49,41,27,117
2021_C11368,6,49,94,149
2019_C11369,98,46,34,178
2019_C11370,91,77,34,202
2019_B11371,12,45,60,117
2021_B11372,64,38,98,200
2021_A11373,97,65,71,233
2022_B11374,6,16,63,85
2021_A11375,14,68,38,120
2022_C11376,1,82,59,142
2019_A11377,44,50,88,182
2019_C11378,59,78,35,172
2019_C11379,5,95,22,122
2021_C11380,37,68,97,202
2021_C11381,73,36,33,142
2021_A11382,42,38,56,136
2022_B11383,60,90,50,200
2022_B11384,81,69,63,213
2019_A11385,23,75,52,150
2019_B11386,1,29,40,70
2021_A11387,71,31,97,199
2019_B11388,95,78,71,244
2019_A11389,26,61,80,167
2021_C11390,78,36,83,197
2022_B11391,75,18,85,178
2022_B11392,65,12,29,106
2019_A11393,72,66,28,166
2021_C11394,56,66,72,194
2019_A11395,66,37,42,145
2019_C11396,40,74,80,194
2022_A11397,85,28,48,161
2019_B11398,57,35,70,162
2019_B11399,71,20,78,169
2022_C11400,41,79,85,205
2021_A11401,28,84,92,204
2022_A11402,33,53,95,181
2019_B11403,15,52,44,111
2022_A11404,19,29,89,137
2019_B11405,63,91,84,238
2022_C11406,10,23,60,93
2019_B11407,71,15,66,152
2022_C11408,79,91,55,225
2021_B11409,16,67,94,177
2022_C11410,68,91,88,247
2022_A11411,87,43,85,215
2019_C11412,33,64,62,159
2021_B11413,47,27,38,112
2019_B11414,71,37,67,175
2019_A11415,53,70,24,147
2022_C11416,86,19,25,130
2019_B11417,45,29,99,173
2019_A11418,73,15,73,161
2019_C11419,48,94,34,176
2022_A11420,60,69,90,219
2021_C11421,97,58,93,248
2019_C11422,74,81,28,183
2021_C11423,64,32,44,140
2022_A11424,94,11,94,199
2022_C11425,99,66,97,262
2022_A11426,8,36,84,128
2021_B11427,53,82,72,207
2021_B11428,93,31,78,202
2021_C11429,26,51,70,147
2022_A11430,41,64,47,152
2019_C11431,93,86,39,218
2019_C11432,80,60,86,226
2022_A11433,76,89,73,238
2022_B11434,52,23,21,96
2022_A11435,81,63,61,205
2019_C11436,91,12,91,194
2021_B11437,71,14,97,182
2019_B11438,30,81,23,134
2021_A11439,0,38,95,133
2019_B11440,20,93,83,196
2021_B11441,53,96,77,226
2022_A11442,34,80,67,181
2021_B11443,8,92,63,163
2022_A11444,20,27,35,82
2019_C11445,82,90,86,258
2022_C11446,60,95,81,236
2019_C11447,97,84,40,221
2021_C11448,19,83,82,184
2022_B11449,11,42,23,76
2019_A11450,23,68,94,185
2021_C11451,9,93,77,179
2021_A11452,68,61,29,158
2021_A11453,64,62,87,213
2022_A11454,48,79,55,182
2022_C11455,58,52,93,203
2021_C11456,2,40,46,88
2021_B11457,65,29,62,156
2021_A11458,61,95,57,213
2019_A11459,39,77,57,173
2019_A11460,54,77,53,184
2021_B11461,22,95,98,215
2021_C11462,71,13,96,180
2022_B11463,38,83,49,170
2019_A11464,50,86,96,232
2022_C11465,64,19,91,174
2022_C11466,89,24,49,162
2022_B11467,47,21,50,118
2021_A11468,84,53,30,167
2019_A11469,8,11,70,89
2022_C11470,96,41,89,226
2019_C11471,17,56,43,116
2019_A11472,61,90,38,189
2022_C11473,63,60,24,147
2021_B11474,90,83,23,196
2019_B11475,22,64,74,160
2021_B11476,22,46,56,124
2021_B11477,88,71,39,198
2021_B11478,81,41,85,207
2021_B11479,65,31,71,167
2021_A11480,38,38,97,173
2022_C11481,18,60,92,170
2022_C11482,25,35,73,133
2019_C11483,78,49,49,176
2021_A11484,87,13,58,158
2021_C11485,88,93,27,208
2019_C11486,77,56,93,226
2022_B11487,60,41,47,148
2021_A11488,73,37,79,189
2021_A11489,3,55,37,95
2019_C11490,89,44,46,179
2022_C11491,74,42,36,152
2022_C11492,24,77,79,180
2021_C11493,45,67,67,179
2022_A11494,57,53,62,172
2022_C11495,79,94,83,256
2021_B11496,97,78,58,233
2019_C11497,35,13,82,130
2022_B11498,45,54,59,158
2022_C11499,29,48,89,166
2021_A11500,65,86,80,231
2019_A11501,6,66,34,106
2019_C11502,12,58,66,136
2022_A11503,88,69,64,221
2021_C11504,18,94,74,186
2022_C11505,27,72,67,166
2019_C11506,9,47,60,116
2021_C11507,56,87,50,193
2019_B11508,34,66,94,194
2019_B11509,75,24,84,183
2022_A11510,51,31,58,140
2021_A11511,53,26,52,131
2019_C11512,61,34,27,122
2022_A11513,35,82,90,207
2019_B11514,60,79,43,182
2021_B11515,29,91,96,216
2021_B11516,73,93,72,238
2021_A11517,50,91,57,198
2019_C11518,79,88,54,221
2021_B11519,56,66,61,183
2021_B11520,36,91,99,226
2022_A11521,67,39,58,164
2019_C11522,15,19,94,128
2022_A11523,70,21,56,147
2022_C11524,28,51,25,104
2019_B11525,4,55,49,108
2022_B11526,70,94,81,245
2021_C11527,65,73,46,184
2021_A11528,85,12,54,151
2021_A11529,18,88,75,181
2021_B11530,6,60,95,161
2021_B11531,63,42,35,140
2022_B11532,92,37,96,225
2019_A11533,20,50,70,140
2021_C11534,13,43,94,150
2021_C11535,60,78,80,218
2019_A11536,64,41,62,167
2019_C11537,95,96,91,282
2019_B11538,17,34,82,133
2021_A11539,47,35,37,119
2022_B11540,70,92,97,259
2022_A11541,6,64,83,153
2019_B11542,75,41,81,197
2022_C11543,28,74,40,142
2021_A11544,92,96,66,254
2022_A11545,73,57,54,184
2022_C11546,96,74,87,257
2019_C11547,70,27,70,167
2021_C11548,82,83,90,255
2022_C11549,5,57,92,154
2021_A11550,27,62,41,130
2019_A11551,68,43,61,172
2019_A11552,81,13,55,149
2021_B11553,2,63,54,119
2022_A11554,71,63,24,158
2021_B11555,28,58,23,109
2019_C11556,37,15,21,73
2022_B11557,8,81,44,133
2021_C11558,90,70,56,216
2022_C11559,28,84,25,137
2021_B11560,61,48,54,163
2019_A11561,34,45,84,163
2019_B11562,39,26,26,91
2022_A11563,30,77,83,190
2019_C11564,25,12,39,76
2021_A11565,95,71,37,203
2022_A11566,68,85,33,186
2019_A11567,11,91,97,199
2022_C11568,67,12,77,156
2021_C11569,1,54,26,81
2022_B11570,73,39,87,199
2019_A11571,54,71,85,210
2019_B11572,7,74,67,148
2021_A11573,89,19,22,130
2021_A11574,55,54,29,138
2021_B11575,32,95,45,172
2021_A11576,82,13,83,178
2022_A11577,36,68,94,198
2019_A11578,30,62,23,115
2019_A11579,62,40,62,164
2021_A11580,67,47,86,200
2019_B11581,89,91,51,231
2022_B11582,91,52,38,181
2019_A11583,30,86,88,204
2022_B11584,21,18,26,65
2022_A11585,23,72,40,135
2021_B11586,8,80,43,131
2022_C11587,70,24,27,121
2022_C11588,23,41,60,124
2021_A11589,66,54,98,218
2022_B11590,23,43,35,101
2019_C11591,31,16,24,71
2022_B11592,65,92,83,240
2021_A11593,70,61,99,230
2019_C11594,81,23,80,184
2022_B11595,28,13,31,72
2022_C11596,3,50,32,85
2019_B11597,33,96,24,153
2021_A11598,18,65,95,178
2019_B11599,4,47,88,139
2022_A11600,98,63,23,184
2019_A11601,26,86,60,172
2019_A11602,35,36,67,138
2022_C11603,94,70,40,204
2019_C11604,20,72,55,147
2022_A11605,74,70,80,224
2021_B11606,57,15,56,128
2021_B11607,11,50,83,144
2021_A11608,7,52,47,106
2019_A11609,99,71,37,207
2022_B11610,97,72,79,248
2019_B11611,91,39,41,171
2019_A11612,57,52,32,141
2022_A11613,3,74,83,160
2022_A11614,16,90,98,204
2022_B11615,22,49,47,118
2022_B11616,87,68,21,176
2019_A11617,77,78,42,197
2019_B11618,35,88,51,174
2021_B11619,82,21,76,179
2021_A11620,60,13,78,151
2021_A11621,88,52,64,204
2019_C11622,11,53,88,152
2022_A11623,13,56,25,94
2022_B11624,83,39,58,180
2022_C11625,86,26,47,159
2022_C11626,43,12,49,104
2021_A11627,45,20,98,163
2019_B11628,24,26,71,121
2021_C11629,43,13,90,146
2019_B11630,16,60,33,109
2021_B11631,84,53,38,175
2021_B11632,69,88,74,231
2019_A11633,84,76,61,221
2021_B11634,83,46,96,225
2022_C11635,30,95,88,213
2019_A11636,40,30,36,106
2022_B11637,70,88,33,191
2022_A11638,28,62,77,167
2019_B11639,2,45,27,74
2021_B11640,97,17,91,205
2021_C11641,63,73,64,200
2022_C11642,92,35,42,169
2022_C11643,54,57,36,147
2021_B11644,63,13,86,162
2021_A11645,55,11,96,162
2022_A11646,60,92,58,210
2022_C11647,55,11,82,148
2021_A11648,18,41,55,114
2022_B11649,98,71,92,261
2022_B11650,92,82,85,259
2019_A11651,89,58,79,226
2021_B11652,88,96,49,233
2019_B11653,3,19,63,85
2022_B11654,72,65,84,221
2021_B11655,48,40,89,177
2019_B11656,25,84,89,198
2022_B11657,73,12,58,143
2021_C11658,5,37,65,107
2022_B11659,50,74,39,163
2021_A11660,16,63,30,109
2019_B11661,15,45,42,102
2019_A11662,16,93,68,177
2021_B11663,75,16,34,125
2021_B11664,48,86,57,191
2019_B11665,63,58,49,170
2019_B11666,19,83,80,182
2019_A11667,85,64,27,176
2019_C11668,67,53,90,210
2021_B11669,8,30,42,80
2019_B11670,8,78,79,165
2022_B11671,74,84,78,236
2019_C11672,93,68,78,239
2022_A11673,3,67,72,142
2022_A11674,52,19,79,150
2019_B11675,64,71,86,221
2022_C11676,22,67,89,178
2022_B11677,94,18,21,133
2019_B11678,72,51,23,146
2021_A11679,96,13,23,132
2019_C11680,36,74,25,135
2022_B11681,40,67,23,130
2019_B11682,59,33,69,161
2021_B11683,77,54,87,218
2019_A11684,44,25,35,104
2021_B11685,42,78,58,178
2022_C11686,48,76,93,217
2019_C11687,16,68,74,158
2019_A11688,70,53,31,154
2019_A11689,82,97,76,255
2021_B11690,18,27,59,104
2019_C11691,66,52,58,176
2021_A11692,33,66,98,197
2021_C11693,100,29,92,221
2021_B11694,54,50,24,128
2019_C11695,25,55,71,151
2022_A11696,11,67,80,158
2022_C11697,82,12,49,143
2019_C11698,39,65,65,169
2022_B11699,88,15,57,160
2021_B11700,41,19,21,81
2019_C11701,57,51,56,164
2021_A11702,43,74,33,150
2021_A11703,69,59,92,220
2022_C11704,33,55,39,127
2019_C11705,4,43,49,96
2019_B11706,91,76,58,225
2021_A11707,43,96,82,221
2022_A11708,51,29,59,139
2021_B11709,23,41,49,113
2019_C11710,31,93,38,162
2022_A11711,48,73,54,175
2022_C11712,31,17,51,99
2021_A11713,20,47,27,94
2022_A11714,73,59,64,196
2021_A11715,70,73,43,186
2022_B11716,97,17,74,188
2019_B11717,68,40,84,192
2019_A11718,58,42,29,129
2022_C11719,17,81,78,176
2021_B11720,40,92,31,163
2022_B11721,38,22,95,155
2019_B11722,28,42,42,112
2019_C11723,83,27,26,136
2019_C11724,15,46,49,110
2021_C11725,55,51,35,141
2022_B11726,43,93,90,226
2022_C11727,61,87,35,183
2021_B11728,36,82,27,145
2021_A11729,93,20,41,154
2022_A11730,68,58,63,189
2021_A11731,25,12,33,70
2019_C11732,54,48,85,187
2021_B11733,45,48,81,174
2019_C11734,44,78,77,199
2021_C11735,41,89,26,156
2021_B11736,80,66,70,216
2022_B11737,49,72,30,151
2019_B11738,5,84,35,124
2022_B11739,37,95,81,213
2022_C11740,67,67,63,197
2022_C11741,74,75,80,229
2021_C11742,88,65,51,204
2021_A11743,85,42,86,213
2021_B11744,21,66,57,144
2019_C11745,33,39,46,118
2021_B11746,81,92,97,270
2021_C11747,100,80,34,214
2021_C11748,29,22,65,116
2019_B11749,97,24,42,163
2022_B11750,80,60,80,220
2021_A11751,53,48,61,162
2021_A11752,58,27,82,167
2019_C11753,34,48,47,129
2021_A11754,86,51,77,214
2022_B11755,85,81,45,211
2019_C11756,14,16,37,67
2019_C11757,17,47,75,139
2022_A11758,1,32,73,106
2022_A11759,4,73,58,135
2022_A11760,71,75,41,187
2021_B11761,93,84,34,211
2021_A11762,52,42,63,157
2019_A11763,1,88,29,118
2019_A11764,65,34,38,137
2019_A11765,5,12,78,95
2022_A11766,47,15,79,141
2021_A11767,94,29,79,202
2021_B11768,41,23,87,151
2021_A11769,62,76,84,222
2022_B11770,26,35,71,132
2019_A11771,19,95,45,159
2021_A11772,3,69,21,93
2022_B11773,23,95,40,158
2021_A11774,56,74,25,155
2019_B11775,93,85,31,209
2022_C11776,57,36,53,146
2022_B11777,28,23,71,122
2019_B11778,62,17,43,122
2021_B11779,35,39,94,168
2021_B11780,68,51,78,197
2021_A11781,4,51,44,99
2022_C11782,66,60,49,175
2019_A11783,82,50,91,223
2022_B11784,20,56,67,143
2022_A11785,74,21,62,157
2022_B11786,89,52,95,236
2019_A11787,31,88,79,198
2021_A11788,96,29,74,199
2021_B11789,61,25,90,176
2019_C11790,24,23,61,108
2019_A11791,94,15,80,189
2022_A11792,38,93,58,189
2022_A11793,28,74,70,172
2019_C11794,25,34,60,119
2022_C11795,97,27,29,153
2019_A11796,67,75,97,239
2019_C11797,11,66,24,101
2022_C11798,29,52,44,125
2021_B11799,59,73,71,203
2022_C11800,81,85,27,193
2021_B11801,15,77,62,154
2021_A11802,52,92,61,205
2021_B11803,24,50,45,119
2021_C11804,77,54,99,230
2022_B11805,5,58,59,122
2022_A11806,33,12,56,101
2019_C11807,18,37,26,81
2021_A11808,98,78,75,251
2022_C11809,87,73,37,197
2021_B11810,28,97,81,206
2019_B11811,16,85,96,197
2021_B11812,65,62,97,224
2019_C11813,59,59,38,156
2021_B11814,7,60,23,90
2022_A11815,70,59,35,164
2021_C11816,77,86,51,214
2021_A11817,4,84,58,146
2022_C11818,60,62,75,197
2019_B11819,98,96,87,281
2019_C11820,95,93,65,253
2021_A11821,55,66,74,195
2021_B11822,59,67,37,163
2022_B11823,56,33,35,124
2019_B11824,24,19,76,119
2021_B11825,77,29,68,174
2022_A11826,16,52,39,107
2022_C11827,74,27,95,196
2022_B11828,29,71,41,141
2022_A11829,71,90,52,213
2022_A11830,28,97,43,168
2019_A11831,94,85,79,258
2021_C11832,42,88,82,212
2021_A11833,26,79,78,183
2021_B11834,89,86,25,200
2021_C11835,49,15,93,157
2019_C11836,15,51,99,165
2022_A11837,45,47,64,156
2022_C11838,79,68,86,233
2021_C11839,76,27,83,186
2022_B11840,1,12,62,75
2021_A11841,99,14,22,135
2021_B11842,7,29,72,108
2019_B11843,31,66,90,187
2022_C11844,62,75,24,161
2022_C11845,20,54,62,136
2022_B11846,18,75,34,127
2019_B11847,42,88,37,167
2022_B11848,20,97,39,156
2022_C11849,69,22,91,182
2019_C11850,55,23,67,145
2019_B11851,64,72,50,186
2022_B11852,52,97,26,175
2021_C11853,50,73,76,199
2021_B11854,86,53,99,238
2022_B11855,80,26,30,136
2022_C11856,17,51,31,99
2022_A11857,48,79,70,197
2021_C11858,60,44,30,134
2019_B11859,17,26,61,104
2021_A11860,39,46,79,164
2019_A11861,3,54,82,139
2019_A11862,30,94,29,153
2022_A11863,4,62,39,105
2019_B11864,6,27,69,102
2021_A11865,49,92,81,222
2021_C11866,21,81,63,165
2022_B11867,78,72,53,203
2019_B11868,83,71,72,226
2021_C11869,71,95,75,241
2021_A11870,29,89,47,165
2022_B11871,9,42,96,147
2022_B11872,37,63,85,185
2019_C11873,53,22,99,174
2019_B11874,78,62,99,239
2019_C11875,78,34,23,135
2022_B11876,29,17,34,80
2021_C11877,29,65,80,174
2019_C11878,47,91,90,228
2021_A11879,27,19,96,142
2019_C11880,6,29,43,78
2019_A11881,96,60,80,236
2021_A11882,16,80,39,135
2019_B11883,44,57,90,191
2019_C11884,43,82,65,190
2019_C11885,30,43,39,112
2022_C11886,92,29,87,208
2021_B11887,80,23,21,124
2019_B11888,39,49,56,144
2021_C11889,70,46,30,146
2022_C11890,63,32,38,133
2021_A11891,35,54,32,121
2021_C11892,19,49,55,123
2019_C11893,64,57,60,181
2022_B11894,5,37,96,138
2022_C11895,15,25,86,126
2022_B11896,86,55,34,175
2022_B11897,85,69,23,177
2022_A11898,67,73,77,217
2019_A11899,17,13,91,121
2022_A11900,77,94,47,218
2019_B11901,4,62,49,115
2019_A11902,10,69,65,144
2019_B11903,79,59,64,202
2022_B11904,10,31,50,91
2022_C11905,41,48,61,150
2021_C11906,42,93,78,213
2022_C11907,89,26,68,183
2021_A11908,3,39,63,105
2022_A11909,24,28,55,107
2019_A11910,58,15,93,166
2021_A11911,40,83,91,214
2019_A11912,85,77,73,235
2022_B11913,100,96,64,260
2019_A11914,55,71,23,149
2022_A11915,36,52,60,148
2021_B11916,74,25,45,144
2021_B11917,62,57,31,150
2019_C11918,54,94,90,238
2021_A11919,92,40,51,183
2022_B11920,15,86,83,184
2021_C11921,39,44,55,138
2021_C11922,66,35,80,181
2019_B11923,88,90,62,240
2022_C11924,98,64,66,228
2019_C11925,6,11,61,78
2019_B11926,40,63,89,192
2021_B11927,72,44,27,143
2022_B11928,96,29,38,163
2022_C11929,15,39,75,129
2021_B11930,60,66,39,165
2021_B11931,60,83,68,211
2019_C11932,27,13,30,70
2021_B11933,79,40,24,143
2019_C11934,32,36,91,159
2022_A11935,15,87,27,129
2022_A11936,15,78,99,192
2021_B11937,64,76,58,198
2021_C11938,14,63,30,107
2019_A11939,73,64,40,177
2022_C11940,72,91,82,245
2021_B11941,92,71,25,188
2021_B11942,40,65,36,141
2022_B11943,37,41,32,110
2019_B11944,84,66,48,198
2021_B11945,91,69,82,242
2021_A11946,49,78,68,195
2019_A11947,72,73,27,172
2021_C11948,89,95,55,239
2019_C11949,9,88,78,175
2022_C11950,14,44,94,152
2019_C11951,36,45,65,146
2021_A11952,45,23,92,160
2019_B11953,3,88,49,140
2022_B11954,30,31,36,97
2022_C11955,72,58,62,192
2022_B11956,97,89,86,272
2019_B11957,15,18,35,68
2021_C11958,0,30,96,126
2021_B11959,70,12,93,175
2019_C11960,64,69,99,232
2022_A11961,53,50,96,199
2021_A11962,87,97,41,225
2022_A11963,6,41,67,114
2021_A11964,11,21,36,68
2022_B11965,70,73,82,225
2019_B11966,76,37,88,201
2019_C11967,93,36,21,150
2019_A11968,77,79,90,246
2022_A11969,52,36,34,122
2022_B11970,70,35,60,165
2019_C11971,15,50,58,123
2021_C11972,79,11,51,141
2019_B11973,38,68,40,146
2022_B11974,98,34,60,192
2022_A11975,12,66,24,102
2021_C11976,93,67,87,247
2021_C11977,95,24,80,199
2021_C11978,5,25,97,127
2021_A11979,68,85,98,251
2021_A11980,60,14,90,164
2022_A11981,29,76,81,186
2022_C11982,3,15,63,81
2021_B11983,52,75,81,208
2022_C11984,17,63,51,131
2021_C11985,72,17,49,138
2021_C11986,11,85,90,186
2021_C11987,87,32,71,190
2022_A11988,35,42,38,115
2021_C11989,71,47,47,165
2022_A11990,73,61,75,209
2019_B11991,50,41,93,184
2022_A11992,32,95,95,222
2019_B11993,90,28,70,188
2022_B11994,49,58,56,163
2022_C11995,90,61,83,234
2019_A11996,39,78,49,166
2019_B11997,71,45,28,144
2021_B11998,74,90,66,230
2021_A11999,77,68,69,214
2019_C12000,27,29,39,95
2019_A12001,100,30,71,201
2022_C12002,88,54,97,239
2021_A12003,4,44,33,81
2022_C12004,4,76,91,171
2022_C12005,66,67,95,228
2019_B12006,21,19,92,132
2022_A12007,65,41,80,186
2019_B12008,98,11,80,189
2022_B12009,45,18,32,95
2019_B12010,46,34,74,154
2021_A12011,4,15,59,78
2019_B12012,32,78,48,158
2021_A12013,40,95,39,174
2022_B12014,34,91,52,177
2019_C12015,52,73,69,194
2021_C12016,84,92,41,217
2019_A12017,6,87,35,128
2019_B12018,38,50,66,154
2022_B12019,98,17,26,141
2021_B12020,78,23,63,164
2021_A12021,73,91,25,189
2019_B12022,24,59,35,118
2021_A12023,52,64,41,157
2021_A12024,8,47,66,121
2021_A12025,52,48,55,155
2022_C12026,100,91,63,254
2021_B12027,72,19,26,117
2021_A12028,12,18,32,62
2021_A12029,70,35,82,187
2019_C12030,0,97,82,179
2019_B12031,96,11,50,157
2021_B12032,28,21,90,139
2019_B12033,98,74,91,263
2019_B12034,89,76,91,256
2019_C12035,8,44,42,94
2021_B12036,92,93,67,252
2021_B12037,86,49,42,177
2019_C12038,76,62,99,237
2019_B12039,97,95,56,248
2019_A12040,95,58,39,192
2022_B12041,93,56,95,244
2021_B12042,86,66,97,249
2021_B12043,57,68,86,211
2021_B12044,50,54,82,186
2019_C12045,81,61,31,173
2019_C12046,36,37,25,98
2019_B12047,53,67,33,153
2021_C12048,22,72,60,154
2022_B12049,46,11,35,92
2022_A12050,16,29,64,109
2022_C12051,30,36,41,107
2022_A12052,6,58,92,156
2019_C12053,87,65,92,244
2019_A12054,100,43,67,210
2022_A12055,80,69,87,236
2021_A12056,8,73,40,121
2021_C12057,92,45,66,203
2022_C12058,56,35,38,129
2019_A12059,72,16,33,121
2019_C12060,0,89,40,129
2022_C12061,63,13,64,140
2021_A12062,17,85,75,177
2021_C12063,61,53,21,135
2019_B12064,45,62,68,175
2021_B12065,53,72,31,156
2021_C12066,81,55,24,160
2021_C12067,11,56,68,135
2021_B12068,42,66,77,185
2022_C12069,55,88,92,235
2021_A12070,26,29,49,104
2019_C12071,17,42,86,145
2022_C12072,7,29,54,90
2019_A12073,50,21,88,159
2022_A12074,44,88,34,166
2019_C12075,98,68,56,222
2019_B12076,61,28,49,138
2019_C12077,55,34,58,147
2021_A12078,98,83,80,261
2022_B12079,36,22,75,133
2022_A12080,95,62,53,210
2022_C12081,44,33,54,131
2019_C12082,76,61,72,209
2021_B12083,0,36,79,115
2022_C12084,21,60,93,174
2022_A12085,63,26,46,135
2021_C12086,67,37,34,138
2019_C12087,15,20,62,97
2022_A12088,10,30,71,111
2021_A12089,23,93,91,207
2021_A12090,33,36,50,119
2021_B12091,39,25,22,86
2021_C12092,50,74,45,169
2021_A12093,100,50,53,203
2021_A12094,34,91,42,167
2021_C12095,97,73,65,235
2022_C12096,92,31,61,184
2019_B12097,76,95,69,240
2022_C12098,45,70,78,193
2019_C12099,66,18,70,154
2021_B12100,91,16,87,194
2021_B12101,98,43,49,190
2019_A12102,47,30,23,100
2021_A12103,82,33,82,197
2019_A12104,40,72,92,204
2022_B12105,68,85,21,174
2022_B12106,85,37,92,214
2021_C12107,38,56,69,163
2021_B12108,18,96,47,161
2021_B12109,83,90,27,200
2022_B12110,42,18,95,155
2021_B12111,18,31,77,126
2021_A12112,4,82,40,126
2022_C12113,23,53,49,125
2022_A12114,74,20,62,156
2019_B12115,21,15,61,97
2019_C12116,11,55,75,141
2019_C12117,94,56,30,180
2019_A12118,98,62,72,232
2021_B12119,9,19,25,53
2019_A12120,45,46,76,167
2019_A12121,71,29,76,176
2019_A12122,44,73,93,210
2022_A12123,30,49,52,131
2021_C12124,97,19,96,212
2022_A12125,99,30,61,190
2021_A12126,84,73,80,237
2019_B12127,13,48,29,90
2022_C12128,67,30,66,163
2021_B12129,34,50,65,149
2021_A12130,23,55,96,174
2021_B12131,91,45,96,232
2021_B12132,44,96,95,235
2022_A12133,100,88,30,218
2021_B12134,100,22,99,221
2021_B12135,84,33,36,153
2019_C12136,93,43,29,165
2019_A12137,55,21,61,137
2019_C12138,9,74,25,108
2019_B12139,91,27,64,182
2019_A12140,74,93,94,261
2022_C12141,67,35,53,155
2022_C12142,76,31,21,128
2021_B12143,36,42,80,158
2022_A12144,90,84,72,246
2022_A12145,1,95,74,170
2021_B12146,74,15,85,174
2022_C12147,6,88,93,187
2022_C12148,41,76,75,192
2021_C12149,92,44,97,233
2019_C12150,48,91,94,233
2021_C12151,70,23,23,116
2021_C12152,10,72,54,136
2022_A12153,3,84,58,145
2021_A12154,11,22,82,115
2019_C12155,3,59,97,159
2019_C12156,35,25,87,147
2022_C12157,72,92,27,191
2019_A12158,29,29,50,108
2019_C12159,57,77,41,175
2019_C12160,76,95,69,240
2021_A12161,65,14,80,159
2019_A12162,65,82,83,230
2022_C12163,98,83,72,253
2022_A12164,57,58,95,210
2021_A12165,24,27,35,86
2019_C12166,1,63,74,138
2022_B12167,58,14,48,120
2022_B12168,40,84,37,161
2022_A12169,88,96,79,263
2019_A12170,51,78,44,173
2022_B12171,42,60,42,144
2019_C12172,78,44,30,152
2022_B12173,83,88,78,249
2019_A12174,66,97,28,191
2022_A12175,29,17,40,86
2019_C12176,8,34,59,101
2019_B12177,94,83,44,221
2021_C12178,22,15,71,108
2019_B12179,55,38,94,187
2022_C12180,28,20,68,116
2019_A12181,98,96,28,222
2022_B12182,78,65,27,170
2022_C12183,97,37,35,169
2019_A12184,65,36,43,144
2019_B12185,48,48,86,182
2021_B12186,0,49,43,92
2021_A12187,100,28,99,227
2021_A12188,70,14,79,163
2021_A12189,95,64,52,211
2019_B12190,0,61,59,120
2019_C12191,94,84,40,218
2021_B12192,20,70,44,134
2021_C12193,60,29,97,186
2019_A12194,92,38,88,218
2019_A12195,32,92,63,187
2019_B12196,81,85,87,253
2022_B12197,41,89,40,170
2022_C12198,6,17,70,93
2022_C12199,66,74,59,199
2022_B12200,40,87,37,164
2019_B12201,100,67,65,232
2021_A12202,81,95,76,252
2021_C12203,41,30,58,129
2019_A12204,86,29,63,178
2021_C12205,24,91,95,210
2022_A12206,83,66,71,220
2022_B12207,89,91,36,216
2021_C12208,21,63,63,147
2021_A12209,91,64,23,178
2021_B12210,92,65,45,202
2022_B12211,1,17,79,97
2019_B12212,8,47,97,152
2019_B12213,22,22,45,89
2022_B12214,94,47,55,196
2021_A12215,31,54,62,147
2022_C12216,84,31,68,183
2022_B12217,14,37,30,81
2021_B12218,95,47,99,241
2019_B12219,38,49,40,127
2019_A12220,27,60,56,143
2021_C12221,74,71,38,183
2019_B12222,75,47,42,164
2022_A12223,19,19,36,74
2022_C12224,21,45,91,157
2022_A12225,58,50,55,163
2022_A12226,81,24,48,153
2019_A12227,61,72,99,232
2021_A12228,38,84,56,178
2022_A12229,84,82,72,238
2021_A12230,53,33,85,171
2019_A12231,43,85,80,208
2022_C12232,18,63,42,123
2021_A12233,22,25,95,142
2021_A12234,2,39,48,89
2022_B12235,34,22,60,116
2021_A12236,37,60,36,133
2022_B12237,44,66,79,189
2022_A12238,38,71,40,149
2021_B12239,89,92,38,219
2022_B12240,54,19,26,99
2019_B12241,98,14,88,200
2019_C12242,2,41,65,108
2021_A12243,71,48,47,166
2022_A12244,34,32,85,151
2022_C12245,75,59,64,198
2022_B12246,18,65,79,162
2022_B12247,65,57,66,188
2021_B12248,34,25,64,123
2019_A12249,74,62,47,183
2022_B12250,73,62,87,222
2022_B12251,15,74,88,177
2021_B12252,6,64,71,141
2019_C12253,54,97,67,218
2022_C12254,74,65,96,235
2019_B12255,37,63,87,187
2021_C12256,86,37,42,165
2019_B12257,23,80,82,185
2022_A12258,35,93,76,204
2021_B12259,64,84,52,200
2019_B12260,97,13,33,143
2021_B12261,0,47,54,101
2019_A12262,85,35,31,151
2019_B12263,60,54,40,154
2019_C12264,75,64,46,185
2019_C12265,42,65,98,205
2022_B12266,60,27,90,177
2019_B12267,48,79,58,185
2019_A12268,8,54,41,103
2019_C12269,66,20,34,120
2019_B12270,100,26,83,209
2019_A12271,36,50,70,156
2019_A12272,1,62,28,91
2022_B12273,38,75,71,184
2022_B12274,8,57,60,125
2019_C12275,11,42,87,140
2022_B12276,49,50,35,134
2022_B12277,66,67,33,166
2021_C12278,67,87,28,182
2019_B12279,51,44,70,165
2022_C12280,12,71,81,164
2022_C12281,32,37,89,158
2022_B12282,99,49,75,223
2021_C12283,87,77,40,204
2021_A12284,1,40,56,97
2019_C12285,13,47,67,127
2022_A12286,32,30,28,90
2022_C12287,58,14,26,98
2021_A12288,47,36,28,111
2019_C12289,78,14,49,141
2022_A12290,10,25,58,93
2019_A12291,95,42,38,175
2022_B12292,23,92,53,168
2022_A12293,83,16,52,151
2019_C12294,94,24,61,179
2022_C12295,45,23,42,110
2022_A12296,23,30,43,96
2019_A12297,76,68,85,229
2021_A12298,87,18,52,157
2021_B12299,23,54,75,152
2022_C12300,16,52,86,154
2022_C12301,87,65,86,238
2019_B12302,53,51,58,162
2019_A12303,14,23,81,118
2019_C12304,86,60,29,175
2021_C12305,34,40,89,163
2022_C12306,27,53,46,126
2019_C12307,64,27,36,127
2019_A12308,54,37,21,112
2019_A12309,61,61,98,220
2019_B12310,92,86,41,219
2019_C12311,15,29,97,141
2022_B12312,75,53,45,173
2022_B12313,15,72,45,132
2019_B12314,6,60,54,120
2022_C12315,100,41,59,200
2022_C12316,71,53,99,223
2021_A12317,25,83,90,198
2022_A12318,73,24,80,177
2019_B12319,90,75,66,231
2022_C12320,71,54,60,185
2019_A12321,2,40,57,99
2019_A12322,44,58,66,168
2019_B12323,64,32,86,182
2019_B12324,98,38,52,188
2019_C12325,91,67,59,217
2019_A12326,70,83,26,179
2022_B12327,34,37,88,159
2019_B12328,56,41,67,164
2022_A12329,94,31,77,202
2022_C12330,50,72,72,194
2022_B12331,81,23,69,173
2022_A12332,52,23,65,140
2021_B12333,9,94,33,136
2019_C12334,7,59,81,147
2021_B12335,8,45,21,74
2022_C12336,58,85,41,184
2019_C12337,35,74,52,161
2019_B12338,42,79,61,182
2021_C12339,88,14,79,181
2019_C12340,65,62,31,158
2019_C12341,11,97,82,190
2021_A12342,29,59,97,185
2019_A12343,40,30,24,94
2022_A12344,31,85,96,212
2022_A12345,48,84,63,195
2019_B12346,30,25,91,146
2019_A12347,94,40,58,192
2021_C12348,100,50,62,212
2021_A12349,98,43,69,210
2019_A12350,56,76,63,195
2021_C12351,14,20,60,94
2022_B12352,29,16,24,69
2022_A12353,5,28,51,84
2022_A12354,80,86,80,246
2021_B12355,98,76,64,238
2021_A12356,17,41,50,108
2019_A12357,94,74,38,206
2019_A12358,95,17,32,144
2022_C12359,36,13,25,74
2021_C12360,76,79,60,215
2021_A12361,100,78,98,276
2021_B12362,90,14,28,132
2021_C12363,41,14,55,110
2019_A12364,54,81,96,231
2022_A12365,2,34,75,111
2022_A12366,82,47,38,167
2019_A12367,84,37,33,154
2021_A12368,5,56,51,112
2022_A12369,17,28,93,138
2019_C12370,63,14,56,133
2021_C12371,1,19,44,64
2019_C12372,69,92,87,248
2019_A12373,43,93,25,161
2022_B12374,12,12,55,79
2022_C12375,6,97,28,131
2021_A12376,6,16,62,84
2021_B12377,52,55,38,145
2021_B12378,53,67,24,144
2019_A12379,1,15,42,58
2019_A12380,75,54,93,222
2021_A12381,29,49,92,170
2022_B12382,74,13,26,113
2022_A12383,96,37,59,192
2021_A12384,96,12,24,132
2019_A12385,44,16,90,150
2021_A12386,84,85,80,249
2019_A12387,58,78,63,199
2021_C12388,67,22,38,127
2019_A12389,31,11,41,83
2021_C12390,5,96,89,190
2019_C12391,47,71,76,194
2022_C12392,79,12,80,171
2021_B12393,26,46,32,104
2022_C12394,70,17,50,137
2021_C12395,94,52,42,188
2022_C12396,46,20,99,165
2022_B12397,46,72,67,185
2019_B12398,7,16,49,72
2021_C12399,38,74,31,143
2021_C12400,97,40,69,206
2019_A12401,80,54,65,199
2019_C12402,78,75,83,236
2021_A12403,56,85,79,220
2019_B12404,18,62,42,122
2019_A12405,91,26,44,161
2019_B12406,84,24,23,131
2019_A12407,67,27,64,158
2021_C12408,56,15,36,107
2019_B12409,73,89,80,242
2021_C12410,94,92,63,249
2022_B12411,4,62,97,163
2022_C12412,32,49,58,139
2019_A12413,61,23,77,161
2022_B12414,56,33,56,145
2021_C12415,61,73,83,217
2019_A12416,100,49,50,199
2022_B12417,87,27,76,190
2019_B12418,14,81,89,184
2022_C12419,86,95,87,268
2021_A12420,67,61,52,180
2022_B12421,33,11,59,103
2019_B12422,16,11,73,100
2019_B12423,38,88,49,175
2022_A12424,9,54,92,155
2022_C12425,93,83,23,199
2019_A12426,30,73,86,189
2019_C12427,0,24,63,87
2022_C12428,34,81,54,169
2021_C12429,56,58,29,143
2019_B12430,14,17,21,52
2021_C12431,40,34,46,120
2019_C12432,33,24,21,78
2022_A12433,98,19,91,208
2022_C12434,63,11,95,169
2022_A12435,8,78,92,178
2021_A12436,28,89,64,181
2021_C12437,42,57,81,180
2022_B12438,5,56,30,91
2021_A12439,38,32,83,153
2022_A12440,47,80,64,191
2022_B12441,83,93,81,257
2021_B12442,65,76,87,228
2021_B12443,68,56,87,211
2019_A12444,35,45,88,168
2019_C12445,5,52,35,92
2022_C12446,58,39,65,162
2021_B12447,45,60,66,171
2022_A12448,79,58,27,164
2022_A12449,1,29,49,79
2022_C12450,42,28,24,94
2021_C12451,95,84,45,224
2022_B12452,87,19,84,190
2022_B12453,85,42,82,209
2019_A12454,6,49,79,134
2019_C12455,57,65,66,188
2021_B12456,59,79,76,214
2021_C12457,31,88,87,206
2022_C12458,63,56,88,207
2022_C12459,99,78,31,208
2021_C12460,61,34,32,127
2021_C12461,33,52,86,171
2022_B12462,27,13,27,67
2022_C12463,72,80,89,241
2019_C12464,17,21,85,123
2022_A12465,88,74,76,238
2019_B12466,73,87,76,236
2022_C12467,21,73,25,119
2021_C12468,44,34,39,117
2022_B12469,42,83,23,148
2021_C12470,52,19,74,145
2019_A12471,16,73,90,179
2019_B12472,33,32,81,146
2021_A12473,53,89,82,224
2022_B12474,89,78,47,214
2021_B12475,20,52,30,102
2022_B12476,52,80,38,170
2019_A12477,10,78,55,143
2022_C12478,88,12,90,190
2022_C12479,44,72,88,204
2021_B12480,49,35,70,154
2022_C12481,6,76,44,126
2022_B12482,58,62,72,192
2019_B12483,88,71,33,192
2019_C12484,46,90,40,176
2019_C12485,26,77,41,144
2021_A12486,14,82,44,140
2022_B12487,41,44,29,114
2019_C12488,18,33,39,90
2019_A12489,62,62,55,179
2021_B12490,52,74,27,153
2021_B12491,53,62,33,148
2022_C12492,18,22,84,124
2019_A12493,45,46,52,143
2022_B12494,2,44,43,89
2019_C12495,61,60,90,211
2022_A12496,79,15,83,177
2021_A12497,68,44,75,187
2021_C12498,85,59,53,197
2021_C12499,5,60,45,110
2022_C12500,97,53,34,184
2019_B12501,18,22,55,95
2021_B12502,97,55,60,212
2022_B12503,2,11,63,76
2022_A12504,80,36,92,208
2022_C12505,50,73,52,175
2019_B12506,73,32,72,177
2021_B12507,92,20,50,162
2021_B12508,53,59,51,163
2019_B12509,39,24,38,101
2019_A12510,79,45,82,206
2022_B12511,36,17,52,105
2021_B12512,38,51,99,188
2021_B12513,53,55,61,169
2021_A12514,9,97,85,191
2021_C12515,32,35,87,154
2021_B12516,1,47,40,88
2019_A12517,73,48,64,185
2022_A12518,42,40,83,165
2021_B12519,15,62,32,109
2021_A12520,70,14,27,111
2022_A12521,59,94,90,243
2021_C12522,26,80,70,176
2022_A12523,94,40,55,189
2019_B12524,1,41,32,74
2022_A12525,8,81,73,162
2021_B12526,26,15,79,120
2021_B12527,95,67,43,205
2022_A12528,93,90,47,230
2022_A12529,40,45,40,125
2022_A12530,28,86,54,168
2022_C12531,65,24,84,173
2021_C12532,4,62,85,151
2022_B12533,79,92,70,241
2022_A12534,18,43,46,107
2021_C12535,69,24,85,178
2019_C12536,31,36,30,97
2022_B12537,67,40,25,132
2019_B12538,30,73,66,169
2021_A12539,48,55,47,150
2021_C12540,2,43,32,77
2021_A12541,15,87,26,128
2021_B12542,85,45,73,203
2021_B12543,8,85,90,183
2021_C12544,56,76,82,214
2022_C12545,2,24,32,58
2022_A12546,30,88,36,154
2019_B12547,30,12,48,90
2022_C12548,16,88,40,144
2022_A12549,8,93,65,166
2019_C12550,45,37,50,132
2022_B12551,88,72,89,249
2019_B12552,33,84,70,187
2019_A12553,72,30,39,141
2022_B12554,81,11,41,133
2019_A12555,81,35,73,189
2021_A12556,89,39,53,181
2021_B12557,87,85,88,260
2022_B12558,13,48,49,110
2019_B12559,28,70,23,121
2019_C12560,28,83,28,139
2022_A12561,97,25,80,202
2022_C12562,11,66,48,125
2022_C12563,41,87,50,178
2019_C12564,52,84,86,222
2019_A12565,55,58,37,150
2019_A12566,1,41,24,66
2019_C12567,80,61,87,228
2022_C12568,27,87,45,159
2019_A12569,58,75,80,213
2021_B12570,36,42,66,144
2021_A12571,10,70,38,118
2019_C12572,57,52,29,138
2021_B12573,21,52,59,132
2021_B12574,42,25,47,114
2022_C12575,52,67,98,217
2019_A12576,35,38,63,136
2019_A12577,3,35,83,121
2019_B12578,15,81,32,128
2021_A12579,83,79,28,190
2019_C12580,76,66,41,183
2019_C12581,96,62,67,225
2021_C12582,1,58,97,156
2021_A12583,17,79,85,181
2022_A12584,86,40,65,191
2019_B12585,41,32,61,134
2022_B12586,50,72,76,198
2022_A12587,99,76,93,268
2021_B12588,19,75,21,115
2022_B12589,84,75,53,212
2021_A12590,5,92,74,171
2022_B12591,97,96,74,267
2019_A12592,31,97,48,176
2019_C12593,89,31,88,208
2021_A12594,50,20,76,146
2021_C12595,28,34,96,158
2019_A12596,30,18,63,111
2022_C12597,66,88,70,224
2021_A12598,72,48,61,181
2019_B12599,65,66,59,190
2019_A12600,95,54,36,185
2022_C12601,54,63,58,175
2021_A12602,71,21,58,150
2019_C12603,4,79,80,163
2021_B12604,0,46,22,68
2022_A12605,100,12,28,140
2021_A12606,12,64,98,174
2022_A12607,55,43,52,150
2019_A12608,0,47,68,115
2019_A12609,52,26,89,167
2022_B12610,84,16,89,189
2019_C12611,62,50,46,158
2022_A12612,32,78,80,190
2022_C12613,25,60,58,143
2021_C12614,85,48,76,209
2022_A12615,26,27,54,107
2019_A12616,62,15,64,141
2021_A12617,71,88,40,199
2021_A12618,28,15,44,87
2022_A12619,14,65,29,108
2019_C12620,41,72,21,134
2019_C12621,70,42,47,159
2021_C12622,49,27,93,169
2022_A12623,34,84,64,182
2021_C12624,73,69,85,227
2022_C12625,26,15,79,120
2021_B12626,61,44,42,147
2021_C12627,44,83,67,194
2022_C12628,5,32,47,84
2019_A12629,27,56,23,106
2022_A12630,99,27,99,225
2022_C12631,42,33,70,145
2019_B12632,45,71,24,140
2021_A12633,25,54,60,139
2019_A12634,7,89,64,160
2021_C12635,53,62,74,189
2021_B12636,41,66,81,188
2021_B12637,28,34,41,103
2021_C12638,27,53,29,109
2022_C12639,50,13,83,146
2021_C12640,97,76,80,253
2019_A12641,62,95,85,242
2019_B12642,52,17,72,141
2019_C12643,58,83,21,162
2022_B12644,5,64,94,163
2022_A12645,76,74,81,231
2021_C12646,64,69,42,175
2022_A12647,87,37,70,194
2022_C12648,11,49,58,118
2022_C12649,83,13,49,145
2019_C12650,8,13,71,92
2019_B12651,40,82,92,214
2022_B12652,75,79,51,205
2022_C12653,70,37,44,151
2019_A12654,96,38,60,194
2019_C12655,59,51,68,178
2021_C12656,66,35,93,194
2021_B12657,48,35,99,182
2022_A12658,18,53,83,154
2022_C12659,35,22,81,138
2021_B12660,2,46,79,127
2019_B12661,89,28,22,139
2021_A12662,58,36,56,150
2021_A12663,63,75,52,190
2021_C12664,25,78,49,152
2022_C12665,86,69,98,253
2021_B12666,35,76,62,173
2019_B12667,93,47,43,183
2022_C12668,57,21,87,165
2021_B12669,43,69,36,148
2019_A12670,23,26,83,132
2021_B12671,63,73,54,190
2022_B12672,28,66,22,116
2019_A12673,57,40,29,126
2019_A12674,51,85,32,168
2022_A12675,41,17,94,152
2019_C12676,12,54,53,119
2022_C12677,81,47,23,151
2021_A12678,29,83,45,157
2019_B12679,20,19,93,132
2021_A12680,100,14,29,143
2021_A12681,82,88,38,208
2021_B12682,100,23,25,148
2022_A12683,17,84,83,184
2022_A12684,1,24,86,111
2019_A12685,83,80,65,228
2022_A12686,61,80,87,228
2022_C12687,81,55,53,189
2019_B12688,42,27,56,125
2019_A12689,12,77,47,136
2019_B12690,93,61,61,215
2019_B12691,5,28,89,122
2021_C12692,75,13,69,157
2019_C12693,73,13,65,151
2021_C12694,54,13,89,156
2019_C12695,14,33,27,74
2019_A12696,13,41,46,100
2022_A12697,40,72,83,195
2019_C12698,80,29,65,174
2021_B12699,71,73,49,193
2022_C12700,100,93,63,256
2019_A12701,63,86,73,222
2022_C12702,61,21,47,129
2019_B12703,95,64,35,194
2021_B12704,66,96,56,218
2019_C12705,69,24,95,188
2019_A12706,58,12,62,132
2019_A12707,98,61,25,184
2021_A12708,62,92,68,222
2019_C12709,54,70,91,215
2022_B12710,31,27,50,108
2019_A12711,3,30,50,83
2022_A12712,98,36,21,155
2022_B12713,5,55,22,82
2021_A12714,48,45,38,131
2019_C12715,20,18,52,90
2021_B12716,97,66,46,209
2022_C12717,3,35,34,72
2022_A12718,5,31,88,124
2022_C12719,9,59,93,161
2019_A12720,66,24,58,148
2021_C12721,30,15,65,110
2021_A12722,19,54,82,155
2019_C12723,40,93,77,210
2021_B12724,79,16,92,187
2022_A12725,91,83,92,266
2021_B12726,26,16,25,67
2019_C12727,48,62,54,164
2019_B12728,4,39,80,123
2021_A12729,25,74,21,120
2019_A12730,20,88,48,156
2021_A12731,41,67,77,185
2019_C12732,30,64,78,172
2019_B12733,88,36,88,212
2021_C12734,84,34,43,161
2022_A12735,15,92,69,176
2019_A12736,52,65,98,215
2022_C12737,72,92,41,205
2022_B12738,33,94,37,164
2019_C12739,28,30,41,99
2021_B12740,18,80,99,197
2019_C12741,9,33,56,98
2021_A12742,57,60,91,208
2019_A12743,63,74,71,208
2019_B12744,53,18,34,105
2022_A12745,56,27,40,123
2021_C12746,48,45,24,117
2019_A12747,94,24,69,187
2021_C12748,27,32,52,111
2022_A12749,44,59,54,157
2021_A12750,82,22,50,154
2022_B12751,31,67,47,145
2022_A12752,65,78,36,179
2019_A12753,52,92,87,231
2021_C12754,89,32,82,203
2019_A12755,15,16,82,113
2022_B12756,19,92,78,189
2021_B12757,84,68,75,227
2019_A12758,31,32,81,144
2022_A12759,91,49,64,204
2019_C12760,29,54,23,106
2019_C12761,55,86,86,227
2022_C12762,18,13,46,77
2022_A12763,44,22,65,131
2019_B12764,1,93,30,124
2022_A12765,69,88,41,198
2021_A12766,92,80,99,271
2022_A12767,55,43,50,148
2022_C12768,63,60,64,187
2021_C12769,15,48,30,93
2021_C12770,99,37,49,185
2021_C12771,91,13,36,140
2019_C12772,12,33,63,108
2019_B12773,91,23,38,152
2022_B12774,91,39,44,174
2019_C12775,86,16,50,152
2019_C12776,58,25,88,171
2022_B12777,11,19,48,78
2019_A12778,82,45,31,158
2019_C12779,66,56,58,180
2019_B12780,89,62,21,172
2019_B12781,93,34,27,154
2021_B12782,24,61,99,184
2022_B12783,55,24,36,115
2019_C12784,18,85,51,154
2019_B12785,89,25,22,136
2021_C12786,46,83,29,158
2021_A12787,90,64,49,203
2019_C12788,0,81,95,176
2022_B12789,73,58,38,169
2019_C12790,92,54,42,188
2019_B12791,14,36,87,137
2019_B12792,17,50,76,143
2019_A12793,13,94,30,137
2021_B12794,57,62,56,175
2022_B12795,90,27,41,158
2019_A12796,39,43,39,121
2022_A12797,2,31,68,101
2019_B12798,69,72,93,234
2022_C12799,61,29,92,182
2021_A12800,18,67,86,171
2021_C12801,37,91,39,167
2019_C12802,65,97,93,255
2022_B12803,51,41,61,153
2022_C12804,88,39,37,164
2022_C12805,10,28,56,94
2019_A12806,69,88,88,245
2022_B12807,35,52,46,133
2022_A12808,51,39,81,171
2019_C12809,12,90,90,192
2021_C12810,84,95,98,277
2022_C12811,72,55,32,159
2019_B12812,73,46,78,197
2021_A12813,92,67,25,184
2022_C12814,3,97,78,178
2022_B12815,92,62,44,198
2022_C12816,50,74,30,154
2022_A12817,64,37,83,184
2019_B12818,84,62,96,242
2021_B12819,30,72,71,173
2022_A12820,76,66,90,232
2021_A12821,89,29,68,186
2021_B12822,23,11,87,121
2021_B12823,26,40,58,124
2022_B12824,23,87,81,191
2021_A12825,62,24,22,108
2021_C12826,95,83,26,204
2022_B12827,93,97,27,217
2019_C12828,72,48,28,148
2021_B12829,79,72,34,185
2022_C12830,97,65,75,237
2022_C12831,98,94,48,240
2022_A12832,46,33,89,168
2022_C12833,46,64,47,157
2019_B12834,19,24,22,65
2019_C12835,30,57,93,180
2021_A12836,96,43,75,214
2021_C12837,94,53,23,170
2022_B12838,3,73,68,144
2022_C12839,41,30,23,94
2019_A12840,13,57,59,129
2021_C12841,97,38,21,156
2019_C12842,73,38,64,175
2021_A12843,45,42,32,119
2021_C12844,89,87,79,255
2019_C12845,20,54,93,167
2021_B12846,88,65,24,177
2019_A12847,64,46,72,182
2019_B12848,82,55,47,184
2022_C12849,28,97,41,166
2022_A12850,32,26,49,107
2019_A12851,0,41,80,121
2019_C12852,17,26,92,135
2021_B12853,8,58,81,147
2019_B12854,0,60,41,101
2022_B12855,99,19,32,150
2022_A12856,16,22,31,69
2019_C12857,18,18,33,69
2022_A12858,76,55,63,194
2021_B12859,89,25,51,165
2022_C12860,69,89,83,241
2022_C12861,58,32,21,111
2021_C12862,0,93,66,159
2022_B12863,82,39,27,148
2022_B12864,6,78,97,181
2021_A12865,68,55,93,216
2021_C12866,55,15,93,163
2022_C12867,2,80,50,132
2022_B12868,28,57,54,139
2022_B12869,13,66,69,148
2022_C12870,87,77,37,201
2021_B12871,94,64,64,222
2022_C12872,44,23,65,132
2019_B12873,23,23,62,108
2021_B12874,78,73,61,212
2021_B12875,51,55,35,141
2019_B12876,56,16,86,158
2022_A12877,100,50,23,173
2022_B12878,64,66,94,224
2022_A12879,85,88,38,211
2021_A12880,60,18,38,116
2022_C12881,74,75,30,179
2019_A12882,8,62,58,128
2021_C12883,2,92,77,171
2021_A12884,18,46,75,139
2019_C12885,93,79,22,194
2022_B12886,93,64,36,193
2022_B12887,84,17,85,186
2019_C12888,44,58,83,185
2019_B12889,63,47,99,209
2019_B12890,39,20,51,110
2021_A12891,65,91,49,205
2021_C12892,89,56,99,244
2022_C12893,68,97,54,219
2022_A12894,62,15,50,127
2019_A12895,37,53,29,119
2021_C12896,75,88,47,210
2019_C12897,58,18,47,123
2021_B12898,53,52,97,202
2019_C12899,4,35,77,116
2022_B12900,5,60,67,132
2021_B12901,12,34,82,128
2019_C12902,13,68,98,179
2019_C12903,46,34,61,141
2022_B12904,75,35,71,181
2022_B12905,7,28,33,68
2019_A12906,11,67,79,157
2022_B12907,99,21,83,203
2021_B12908,0,21,99,120
2021_C12909,96,18,55,169
2019_C12910,49,43,66,158
2019_B12911,91,79,46,216
2022_B12912,18,30,23,71
2022_C12913,84,91,26,201
2019_B12914,26,40,22,88
2022_B12915,88,34,32,154
2021_C12916,17,56,97,170
2021_A12917,36,63,85,184
2022_A12918,26,55,96,177
2019_C12919,85,26,35,146
2019_C12920,89,90,26,205
2022_C12921,94,67,46,207
2021_C12922,77,70,93,240
2022_C12923,91,25,65,181
2022_C12924,86,40,37,163
2022_A12925,9,94,52,155
2022_B12926,56,78,98,232
2021_B12927,67,27,27,121
2019_C12928,52,44,78,174
2019_C12929,9,93,90,192
2021_C12930,30,94,93,217
2022_B12931,5,25,86,116
2019_A12932,35,53,56,144
2021_B12933,43,90,98,231
2021_B12934,19,38,61,118
2022_A12935,1,96,27,124
2019_B12936,16,94,63,173
2019_B12937,96,56,69,221
2022_C12938,17,85,64,166
2019_B12939,54,71,33,158
2022_B12940,53,33,71,157
2019_B12941,35,12,64,111
2019_A12942,60,25,61,146
2019_B12943,66,75,98,239
2021_B12944,90,86,89,265
2022_B12945,64,51,32,147
2022_C12946,34,85,78,197
2021_C12947,61,56,57,174
2021_B12948,74,18,33,125
2019_B12949,69,93,28,190
2019_C12950,32,28,37,97
2019_C12951,5,65,43,113
2019_B12952,22,68,66,156
2022_A12953,44,15,22,81
2019_A12954,10,91,70,171
2019_B12955,41,70,41,152
2019_A12956,15,35,93,143
2022_C12957,32,68,72,172
2021_B12958,65,19,27,111
2021_A12959,60,38,85,183
2022_C12960,61,81,33,175
2021_B12961,41,41,94,176
2019_B12962,93,14,61,168
2022_C12963,6,68,32,106
2021_C12964,85,65,35,185
2021_B12965,66,53,79,198
2021_A12966,58,35,98,191
2022_B12967,43,40,47,130
2021_A12968,88,66,76,230
2019_C12969,50,89,56,195
2022_C12970,45,97,66,208
2022_C12971,81,47,78,206
2022_C12972,49,95,21,165
2019_A12973,79,94,41,214
2021_A12974,42,23,95,160
2021_A12975,62,33,96,191
2019_C12976,36,59,41,136
2021_C12977,17,25,69,111
2022_C12978,44,53,37,134
2021_C12979,51,80,96,227
2022_C12980,12,22,34,68
2022_C12981,86,18,86,190
2021_B12982,83,34,59,176
2021_C12983,77,59,49,185
2022_C12984,30,11,93,134
2022_C12985,84,69,36,189
2022_B12986,31,56,93,180
2022_B12987,87,44,56,187
2021_C12988,93,94,90,277
2021_C12989,28,64,81,173
2022_A12990,11,45,54,110
2021_A12991,40,58,64,162
2019_A12992,25,62,82,169
2021_B12993,92,51,96,239
2021_C12994,61,80,40,181
2019_C12995,56,12,95,163
2021_C12996,97,70,24,191
2019_B12997,35,46,42,123
2019_A12998,79,41,41,161
2022_A12999,88,39,33,160
2019_B13000,60,92,84,236
2021_C13001,25,82,65,172
2022_C13002,20,66,35,121
2022_A13003,6,44,71,121
2021_A13004,11,11,72,94
2022_A13005,33,40,43,116
2022_B13006,39,22,59,120
2021_C13007,13,91,22,126
2021_A13008,69,24,59,152
2021_A13009,26,51,85,162
2019_A13010,85,95,69,249
2021_C13011,68,36,77,181
2021_A13012,52,84,94,230
2022_C13013,64,62,90,216
2022_B13014,60,28,94,182
2022_B13015,98,45,65,208
2022_C13016,24,20,29,73
2022_C13017,4,39,65,108
2022_C13018,7,40,54,101
2021_A13019,32,95,93,220
2021_C13020,18,46,52,116
2022_C13021,77,91,51,219
2021_A13022,37,67,27,131
2021_A13023,83,78,72,233
2022_C13024,0,81,69,150
2022_B13025,39,40,32,111
2021_B13026,30,37,87,154
2019_B13027,32,50,86,168
2019_A13028,52,96,45,193
2021_C13029,43,94,53,190
2022_B13030,75,27,66,168
2019_C13031,58,66,56,180
2019_B13032,64,53,32,149
2022_C13033,97,27,37,161
2021_B13034,90,34,73,197
2021_A13035,53,72,37,162
2022_C13036,85,81,63,229
2021_B13037,84,60,85,229
2021_A13038,9,84,22,115
2019_C13039,72,39,43,154
2019_B13040,37,13,54,104
2022_A13041,4,54,63,121
2019_A13042,12,64,98,174
2019_A13043,95,53,44,192
2019_A13044,28,43,89,160
2021_A13045,41,75,32,148
2021_B13046,19,45,99,163
2022_C13047,38,52,80,170
2019_B13048,20,39,58,117
2022_C13049,90,46,58,194
2019_C13050,98,58,82,238
2019_C13051,36,68,89,193
2022_C13052,4,64,26,94
2022_A13053,85,80,81,246
2019_B13054,44,25,35,104
2021_B13055,48,38,68,154
2019_C13056,94,96,65,255
2019_A13057,75,21,96,192
2019_C13058,13,11,35,59
2022_C13059,28,80,90,198
2021_B13060,3,89,86,178
2021_C13061,61,63,74,198
2021_C13062,44,13,65,122
2021_B13063,30,97,56,183
2019_B13064,77,50,77,204
2022_B13065,71,12,60,143
2019_C13066,43,89,50,182
2021_B13067,13,41,98,152
2021_C13068,15,96,29,140
2021_B13069,2,27,58,87
2022_C13070,75,61,85,221
2022_C13071,3,42,30,75
2022_B13072,4,73,96,173
2021_B13073,67,15,62,144
2022_A13074,20,80,77,177
2021_B13075,51,84,67,202
2022_C13076,84,53,46,183
2022_B13077,46,83,89,218
2019_A13078,18,87,58,163
2021_C13079,18,32,98,148
2021_C13080,38,19,35,92
2022_C13081,36,93,54,183
2019_B13082,33,23,54,110
2019_B13083,41,36,76,153
2019_C13084,35,43,38,116
2019_C13085,38,73,32,143
2019_A13086,88,18,52,158
2022_A13087,69,87,59,215
2022_A13088,32,18,95,145
2019_B13089,82,54,57,193
2019_C13090,33,91,46,170
2022_B13091,9,44,98,151
2019_C13092,38,85,90,213
2022_C13093,39,57,26,122
2021_C13094,95,97,52,244
2019_A13095,11,89,63,163
2022_A13096,49,30,86,165
2022_C13097,82,84,27,193
2021_C13098,92,25,33,150
2021_C13099,95,17,46,158
2022_C13100,46,72,23,141
2021_B13101,70,83,31,184
2019_A13102,31,91,99,221
2022_C13103,11,92,55,158
2021_A13104,51,32,96,179
2021_B13105,75,45,60,180
2022_C13106,96,30,23,149
2022_A13107,96,35,75,206
2021_A13108,94,29,55,178
2021_B13109,79,71,93,243
2019_A13110,78,48,56,182
2021_C13111,86,66,30,182
2019_A13112,28,34,25,87
2019_A13113,17,55,69,141
2022_B13114,63,53,21,137
2021_A13115,85,13,58,156
2022_C13116,70,69,83,222
2019_A13117,18,91,22,131
2021_B13118,61,79,43,183
2021_C13119,35,35,86,156
2022_A13120,36,90,22,148
2022_C13121,25,19,53,97
2021_A13122,81,67,30,178
2022_C13123,18,50,65,133
2021_C13124,80,54,37,171
2019_C13125,95,66,89,250
2022_A13126,16,38,76,130
2022_A13127,24,65,60,149
2019_A13128,71,23,58,152
2019_C13129,40,74,58,172
2022_A13130,45,90,21,156
2019_C13131,44,34,55,133
2022_B13132,40,51,54,145
2022_B13133,27,57,97,181
2021_C13134,50,59,78,187
2019_C13135,50,97,76,223
2022_C13136,1,73,25,99
2019_A13137,76,14,66,156
2021_C13138,89,23,54,166
2021_A13139,70,52,31,153
2019_B13140,4,91,78,173
2022_C13141,15,55,40,110
2019_B13142,1,89,21,111
2021_B13143,54,68,70,192
2022_A13144,56,95,26,177
2019_B13145,91,76,37,204
2021_A13146,39,67,40,146
2019_C13147,52,19,49,120
2021_C13148,100,35,63,198
2021_B13149,83,29,59,171
2022_A13150,65,86,60,211
2019_B13151,95,74,50,219
2019_C13152,75,35,33,143
2021_C13153,30,94,32,156
2019_B13154,93,16,43,152
2019_A13155,36,42,68,146
2022_C13156,14,14,98,126
2021_A13157,35,87,63,185
2019_B13158,71,22,54,147
2021_B13159,68,65,26,159
2021_C13160,74,52,67,193
2019_A13161,59,33,86,178
2019_A13162,51,18,30,99
2021_A13163,15,25,97,137
2019_C13164,50,65,68,183
2022_B13165,18,84,22,124
2022_A13166,35,65,42,142
2022_A13167,89,85,26,200
2021_C13168,8,69,91,168
2022_B13169,37,15,26,78
2021_C13170,42,82,96,220
2019_A13171,8,71,35,114
2022_A13172,87,32,72,191
2019_B13173,24,49,36,109
2022_C13174,43,79,90,212
2019_C13175,84,35,85,204
2019_B13176,1,59,32,92
2022_B13177,49,29,39,117
2022_B13178,91,76,30,197
2022_B13179,0,44,67,111
2019_A13180,23,63,76,162
2021_A13181,51,14,89,154
2019_A13182,17,16,51,84
2022_B13183,31,22,62,115
2022_B13184,50,55,58,163
2022_C13185,12,75,98,185
2019_C13186,25,65,94,184
2022_A13187,99,64,55,218
2021_A13188,85,81,36,202
2022_C13189,91,86,59,236
2019_C13190,15,27,45,87
2021_C13191,71,43,21,135
2022_B13192,52,27,62,141
2022_C13193,4,82,98,184
2022_C13194,13,95,40,148
2021_A13195,48,94,99,241
2021_B13196,6,22,54,82
2019_A13197,11,78,28,117
2022_B13198,0,13,61,74
2021_C13199,69,68,79,216
2021_A13200,12,87,66,165
2019_A13201,72,66,54,192
2022_A13202,59,54,68,181
2021_C13203,68,95,63,226
2022_C13204,5,43,72,120
2022_B13205,29,17,97,143
2022_C13206,49,95,46,190
2021_A13207,90,97,26,213
2021_B13208,77,82,74,233
2019_A13209,26,78,52,156
2021_A13210,87,56,22,165
2022_B13211,39,89,76,204
2019_A13212,43,81,80,204
2021_A13213,11,93,92,196
2022_C13214,63,82,22,167
2019_A13215,40,84,75,199
2021_A13216,81,87,24,192
2022_A13217,26,78,79,183
2019_B13218,34,19,92,145
2022_A13219,35,50,60,145
2021_C13220,69,54,33,156
2019_C13221,65,76,80,221
2022_C13222,49,67,96,212
2021_A13223,87,47,57,191
2021_B13224,34,29,67,130
2021_C13225,38,96,25,159
2019_C13226,87,46,28,161
2021_A13227,47,14,91,152
2022_C13228,19,56,36,111
2019_B13229,87,86,78,251
2019_B13230,1,41,28,70
2022_B13231,4,68,59,131
2019_A13232,45,64,98,207
2022_C13233,97,61,63,221
2022_C13234,63,24,26,113
2022_C13235,76,13,94,183
2022_C13236,45,34,67,146
2021_A13237,48,38,88,174
2022_B13238,78,71,92,241
2022_C13239,68,76,95,239
2019_C13240,78,48,29,155
2019_B13241,36,21,60,117
2022_A13242,96,32,48,176
2021_A13243,15,77,98,190
2022_C13244,20,24,29,73
2019_B13245,36,27,66,129
2022_B13246,67,58,43,168
2022_B13247,48,67,85,200
2019_A13248,24,74,24,122
2021_B13249,75,61,98,234
2021_B13250,33,67,86,186
2019_A13251,80,22,46,148
2021_C13252,64,47,36,147
2022_A13253,31,38,54,123
2019_A13254,42,36,83,161
2022_A13255,10,88,29,127
2021_A13256,58,85,40,183
2022_A13257,95,65,33,193
2019_C13258,93,26,63,182
2022_C13259,95,83,43,221
2022_C13260,61,20,24,105
2022_B13261,34,76,93,203
2019_A13262,24,21,96,141
2022_A13263,69,94,96,259
2021_C13264,56,18,28,102
2021_B13265,44,18,67,129
2021_A13266,4,88,47,139
2019_B13267,47,79,73,199
2021_B13268,95,22,85,202
2021_C13269,78,82,37,197
2021_C13270,41,26,71,138
2022_B13271,46,37,40,123
2022_C13272,52,15,49,116
2019_B13273,20,32,47,99
2019_B13274,78,16,96,190
2019_B13275,58,87,82,227
2022_A13276,24,29,53,106
2022_B13277,88,64,21,173
2021_C13278,39,92,67,198
2019_B13279,55,78,54,187
2019_B13280,88,37,77,202
2021_A13281,85,17,60,162
2021_A13282,59,51,74,184
2022_C13283,13,20,50,83
2022_A13284,89,66,92,247
2021_C13285,64,42,62,168
2022_B13286,43,36,48,127
2019_B13287,78,94,76,248
2019_A13288,83,88,33,204
2022_A13289,38,77,44,159
2021_C13290,80,96,33,209
2022_C13291,20,66,74,160
2021_C13292,25,37,23,85
2021_C13293,23,39,98,160
2019_C13294,60,65,27,152
2019_A13295,58,82,50,190
2022_B13296,20,43,54,117
2022_B13297,15,29,21,65
2019_A13298,83,72,72,227
2019_A13299,4,90,42,136
2019_C13300,87,29,60,176
2019_A13301,23,91,33,147
2022_A13302,9,77,27,113
2019_B13303,28,65,54,147
2021_C13304,47,62,67,176
2019_C13305,68,56,53,177
2021_C13306,89,23,44,156
2022_B13307,33,77,75,185
2019_C13308,73,23,94,190
2019_B13309,70,87,33,190
2021_C13310,96,51,28,175
2022_B13311,69,34,37,140
2019_A13312,26,37,63,126
2021_A13313,8,79,56,143
2022_C13314,9,49,47,105
2021_C13315,71,22,68,161
2021_A13316,18,57,94,169
2021_C13317,63,90,50,203
2019_B13318,30,68,67,165
2019_C13319,88,67,49,204
2022_B13320,80,68,72,220
2021_C13321,50,47,41,138
2022_C13322,16,69,36,121
2021_C13323,13,20,91,124
2021_C13324,62,30,24,116
2021_B13325,12,22,87,121
2021_B13326,55,67,46,168
2021_B13327,85,19,77,181
2021_B13328,11,40,73,124
2019_B13329,14,65,96,175
2022_A13330,12,32,74,118
2022_C13331,16,37,52,105
2019_A13332,44,92,38,174
2021_A13333,69,95,31,195
2022_A13334,32,58,93,183
2019_A13335,35,21,72,128
2019_B13336,39,66,52,157
2019_C13337,91,89,89,269
2022_A13338,30,94,64,188
2022_A13339,83,31,68,182
2021_A13340,5,51,30,86
2019_B13341,3,17,99,119
2022_A13342,36,13,51,100
2019_A13343,43,48,74,165
2021_C13344,44,31,52,127
2019_B13345,100,85,38,223
2022_B13346,92,24,68,184
2021_B13347,83,71,22,176
2019_C13348,39,41,66,146
2022_A13349,80,89,42,211
2021_B13350,91,53,76,220
2019_C13351,12,44,64,120
2021_B13352,61,97,41,199
2019_C13353,43,83,62,188
2019_C13354,98,28,38,164
2019_C13355,90,16,50,156
2019_C13356,18,36,57,111
2019_A13357,19,14,83,116
2021_C13358,22,25,88,135
2021_B13359,26,70,21,117
2019_C13360,97,93,97,287
2019_C13361,34,66,89,189
2021_A13362,57,63,21,141
2022_B13363,57,52,47,156
2022_B13364,36,92,80,208
2022_C13365,71,57,81,209
2022_B13366,0,35,70,105
2021_B13367,19,65,62,146
2022_A13368,52,76,54,182
2022_B13369,6,29,93,128
2019_C13370,85,18,90,193
2021_A13371,64,20,82,166
2019_B13372,30,97,77,204
2019_C13373,34,47,27,108
2021_B13374,25,20,75,120
2019_B13375,95,20,66,181
2019_A13376,100,35,45,180
2022_A13377,16,16,81,113
2022_A13378,27,67,81,175
2019_C13379,62,75,92,229
2022_B13380,77,58,44,179
2021_B13381,74,88,56,218
2019_C13382,96,48,82,226
2021_B13383,47,77,79,203
2021_A13384,13,41,81,135
2019_C13385,28,95,73,196
2022_A13386,19,41,50,110
2019_B13387,46,80,56,182
2019_C13388,95,77,24,196
2022_A13389,96,81,78,255
2021_B13390,57,63,39,159
2021_B13391,5,17,40,62
2019_C13392,49,78,70,197
2019_B13393,68,38,90,196
2022_C13394,54,94,33,181
2019_A13395,10,41,41,92
2022_B13396,15,64,74,153
2021_C13397,97,40,28,165
2022_B13398,91,93,51,235
2019_B13399,56,29,44,129
2019_C13400,40,49,41,130
2019_A13401,7,33,57,97
2019_B13402,53,95,70,218
2022_B13403,60,91,29,180
2022_A13404,67,86,56,209
2022_A13405,94,71,97,262
2022_C13406,98,41,53,192
2022_B13407,80,17,75,172
2019_B13408,74,54,42,170
2022_B13409,23,74,22,119
2022_C13410,0,53,75,128
2019_C13411,25,19,98,142
2021_B13412,47,14,75,136
2019_A13413,5,19,26,50
2022_B13414,12,82,51,145
2019_A13415,68,22,91,181
2022_A13416,7,42,90,139
2019_A13417,18,90,51,159
2021_A13418,5,20,26,51
2019_C13419,5,95,95,195
2021_C13420,2,24,48,74
2021_A13421,51,49,94,194
2019_B13422,87,81,72,240
2019_C13423,79,82,48,209
2019_A13424,10,80,49,139
2019_A13425,44,45,92,181
2019_A13426,31,50,81,162
2021_B13427,37,20,93,150
2022_B13428,80,75,67,222
2022_A13429,84,14,72,170
2021_B13430,86,34,79,199
2021_C13431,26,23,78,127
2019_C13432,100,35,29,164
2019_B13433,75,31,34,140
2021_A13434,61,62,56,179
2021_B13435,73,17,32,122
2021_A13436,6,81,76,163
2019_B13437,47,76,83,206
2022_C13438,40,88,90,218
2019_C13439,16,83,77,176
2022_B13440,11,39,23,73
2019_A13441,23,68,87,178
2022_C13442,39,11,94,144
2021_C13443,27,50,99,176
2022_C13444,2,74,80,156
2022_A13445,32,18,36,86
2022_C13446,88,51,39,178
2019_C13447,48,57,83,188
2022_C13448,92,59,94,245
2019_C13449,2,76,75,153
2019_C13450,33,55,99,187
2022_A13451,13,49,52,114
2022_A13452,64,23,33,120
2021_B13453,70,28,96,194
2019_C13454,79,69,52,200
2021_B13455,42,76,54,172
2022_A13456,72,17,78,167
2021_C13457,65,90,29,184
2019_B13458,29,43,40,112
2019_C13459,2,71,52,125
2019_C13460,29,28,52,109
2021_B13461,16,89,85,190
2021_B13462,15,92,96,203
2019_C13463,35,48,73,156
2022_C13464,26,63,71,160
2019_B13465,34,77,22,133
2021_C13466,41,84,57,182
2019_B13467,81,50,83,214
2021_C13468,24,24,81,129
2022_A13469,9,62,63,134
2021_A13470,93,48,21,162
2019_C13471,41,39,53,133
2021_B13472,78,13,25,116
2022_A13473,0,80,84,164
2021_B13474,3,60,89,152
2022_B13475,21,48,91,160
2019_A13476,79,95,86,260
2022_A13477,12,56,35,103
2019_C13478,32,60,52,144
2019_B13479,89,93,88,270
2019_A13480,74,76,66,216
2019_B13481,46,26,44,116
2019_B13482,10,30,47,87
2022_B13483,40,75,24,139
2022_C13484,10,33,70,113
2021_C13485,69,79,53,201
2022_C13486,48,31,34,113
2019_A13487,61,27,70,158
2019_C13488,55,62,70,187
2022_B13489,5,15,60,80
2022_C13490,4,21,45,70
2019_A13491,28,27,93,148
2019_C13492,24,75,99,198
2021_A13493,22,93,93,208
2019_C13494,28,26,76,130
2019_C13495,42,35,69,146
2019_B13496,20,35,23,78
2022_C13497,17,73,47,137
2021_B13498,27,21,74,122
2021_C13499,49,89,27,165
2019_C13500,26,19,95,140
2022_C13501,44,78,44,166
2019_A13502,3,20,56,79
2019_A13503,55,69,46,170
2019_C13504,68,34,71,173
2019_A13505,25,32,54,111
2019_C13506,45,30,94,169
2022_C13507,52,50,58,160
2022_B13508,87,35,45,167
2022_A13509,32,34,61,127
2021_B13510,16,83,63,162
2019_C13511,47,69,26,142
2022_C13512,28,76,57,161
2021_C13513,80,80,62,222
2022_B13514,19,70,32,121
2021_A13515,95,64,65,224
2019_B13516,48,74,66,188
2022_C13517,35,75,83,193
2022_B13518,42,65,93,200
2021_B13519,31,55,30,116
2021_A13520,83,41,78,202
2019_C13521,65,30,59,154
2021_B13522,48,61,72,181
2019_A13523,64,48,34,146
2021_B13524,7,12,59,78
2022_A13525,66,94,36,196
2021_B13526,21,90,25,136
2019_C13527,69,26,43,138
2021_A13528,35,17,47,99
2022_C13529,100,67,95,262
2022_C13530,87,14,92,193
2022_A13531,40,80,29,149
2019_A13532,11,60,27,98
2021_B13533,56,31,95,182
2021_B13534,93,50,29,172
2019_A13535,47,84,79,210
2022_B13536,86,82,59,227
2022_B13537,77,71,43,191
2022_C13538,41,44,21,106
2019_A13539,85,18,55,158
2022_A13540,18,72,96,186
2019_C13541,29,43,96,168
2019_A13542,24,46,75,145
2021_A13543,53,41,56,150
2019_A13544,30,13,43,86
2021_C13545,89,80,32,201
2022_B13546,28,54,74,156
2021_C13547,64,79,60,203
2022_B13548,54,50,63,167
2021_C13549,83,95,84,262
2021_B13550,24,78,28,130
2022_A13551,82,25,24,131
2022_C13552,7,54,88,149
2021_A13553,28,39,72,139
2019_B13554,16,46,94,156
2022_C13555,32,25,79,136
2022_A13556,38,69,63,170
2022_C13557,97,19,39,155
2022_C13558,57,79,67,203
2021_B13559,56,40,90,186
2019_B13560,24,93,32,149
2021_A13561,7,88,91,186
2022_A13562,86,48,21,155
2022_C13563,14,48,78,140
2022_C13564,77,28,61,166
2022_B13565,13,89,82,184
2022_A13566,35,19,21,75
2019_B13567,73,60,59,192
2022_B13568,36,21,32,89
2021_A13569,54,28,27,109
2019_A13570,91,11,38,140
2021_C13571,24,39,83,146
2021_A13572,86,55,84,225
2022_C13573,90,95,83,268
2022_B13574,72,97,90,259
2022_A13575,85,84,51,220
2022_A13576,78,92,79,249
2019_C13577,15,83,87,185
2021_A13578,53,16,96,165
2022_C13579,74,56,79,209
2019_A13580,88,69,22,179
2019_A13581,91,63,95,249
2022_C13582,21,82,63,166
2022_C13583,51,83,68,202
2022_C13584,92,67,40,199
2022_B13585,46,49,35,130
2022_A13586,62,83,76,221
2021_C13587,43,78,96,217
2019_A13588,40,59,24,123
2021_C13589,38,37,62,137
2021_A13590,74,40,22,136
2021_C13591,68,83,49,200
2022_C13592,92,60,57,209
2021_A13593,81,30,52,163
2021_C13594,46,47,36,129
2022_A13595,67,82,38,187
2021_B13596,64,94,49,207
2022_A13597,55,13,22,90
2019_A13598,23,44,58,125
2019_C13599,88,63,84,235
2022_C13600,83,45,66,194
2022_B13601,11,84,86,181
2022_B13602,72,58,61,191
2021_C13603,49,52,34,135
2022_C13604,22,77,23,122
2022_B13605,27,27,44,98
2022_B13606,30,18,95,143
2019_B13607,43,71,33,147
2021_C13608,64,73,72,209
2021_A13609,34,66,34,134
2021_B13610,38,30,82,150
2021_A13611,57,46,45,148
2021_C13612,98,40,89,227
2021_A13613,64,91,70,225
2022_B13614,38,27,59,124
2021_C13615,17,34,98,149
2022_C13616,11,12,33,56
2021_B13617,90,72,96,258
2019_B13618,22,26,59,107
2019_B13619,29,37,88,154
2019_C13620,2,32,94,128
2019_B13621,97,32,95,224
2019_C13622,74,17,71,162
2021_C13623,31,59,67,157
2019_C13624,40,13,59,112
2019_C13625,0,51,60,111
2021_A13626,32,66,73,171
2019_A13627,49,53,61,163
2021_C13628,7,74,57,138
2021_A13629,93,92,45,230
2019_B13630,33,90,32,155
2021_C13631,54,20,64,138
2022_C13632,13,55,76,144
2022_A13633,22,39,94,155
2022_C13634,44,56,29,129
2022_B13635,67,86,49,202
2021_C13636,22,31,69,122
2019_A13637,16,39,65,120
2021_B13638,36,21,28,85
2021_A13639,27,85,51,163
2022_B13640,35,94,89,218
2021_C13641,100,32,95,227
2021_C13642,5,69,91,165
2022_C13643,74,14,96,184
2021_A13644,13,25,50,88
2022_B13645,12,32,29,73
2021_C13646,31,32,87,150
2019_C13647,43,35,61,139
2022_C13648,17,72,96,185
2022_A13649,50,70,37,157
2021_B13650,74,53,82,209
2022_C13651,20,70,33,123
2022_C13652,21,64,61,146
2019_B13653,49,50,22,121
2022_B13654,76,88,90,254
2022_C13655,52,48,55,155
2019_C13656,5,37,50,92
2022_C13657,84,38,42,164
2021_C13658,76,68,52,196
2021_B13659,40,26,81,147
2021_A13660,64,87,28,179
2021_C13661,60,66,72,198
2022_A13662,75,85,65,225
2022_C13663,79,80,76,235
2019_B13664,77,24,65,166
2019_B13665,69,30,45,144
2021_A13666,86,28,61,175
2022_B13667,12,51,80,143
2019_A13668,18,83,33,134
2022_C13669,22,36,32,90
2019_A13670,61,12,62,135
2019_B13671,12,22,34,68
2021_A13672,55,27,85,167
2019_B13673,67,27,60,154
2021_B13674,37,16,22,75
2019_C13675,90,92,67,249
2021_B13676,70,86,79,235
2019_B13677,95,30,24,149
2021_C13678,66,85,93,244
2022_C13679,62,52,77,191
2021_B13680,15,36,83,134
2021_B13681,39,16,96,151
2019_B13682,36,14,70,120
2022_B13683,66,33,29,128
2021_A13684,74,27,35,136
2019_B13685,35,50,79,164
2022_A13686,83,80,89,252
2019_A13687,17,45,56,118
2019_B13688,63,24,76,163
2022_A13689,37,83,66,186
2021_B13690,46,52,52,150
2019_B13691,71,56,48,175
2019_A13692,48,61,23,132
2019_A13693,41,61,56,158
2021_B13694,50,68,54,172
2019_A13695,55,47,22,124
2022_C13696,9,49,79,137
2022_C13697,47,31,76,154
2021_B13698,69,17,80,166
2022_C13699,7,15,97,119
2019_C13700,84,57,81,222
2021_B13701,2,54,72,128
2022_A13702,89,62,66,217
2019_A13703,32,26,36,94
2021_A13704,60,60,58,178
2021_B13705,84,94,93,271
2021_A13706,36,35,81,152
2019_B13707,52,88,81,221
2022_A13708,45,81,98,224
2019_A13709,47,29,85,161
2019_A13710,82,92,97,271
2022_B13711,72,39,91,202
2022_B13712,21,34,35,90
2021_B13713,8,22,62,92
2021_A13714,36,89,49,174
2019_C13715,100,83,25,208
2021_A13716,66,19,67,152
2021_C13717,48,17,50,115
2022_B13718,61,21,61,143
2022_B13719,89,22,52,163
2021_B13720,71,80,41,192
2022_A13721,86,58,57,201
2019_C13722,16,64,89,169
2022_B13723,77,39,92,208
2022_B13724,63,83,32,178
2021_A13725,46,95,93,234
2022_B13726,92,59,51,202
2022_C13727,3,76,75,154
2019_B13728,87,40,70,197
2021_C13729,24,21,88,133
2022_B13730,96,33,99,228
2022_B13731,29,52,47,128
2019_C13732,31,93,78,202
2021_C13733,26,75,48,149
2021_B13734,73,80,59,212
2021_C13735,91,31,47,169
2022_B13736,70,25,27,122
2021_B13737,70,43,90,203
2022_A13738,21,18,24,63
2022_A13739,84,48,71,203
2019_B13740,67,32,26,125
2021_C13741,79,16,60,155
2019_B13742,20,21,51,92
2022_C13743,18,76,54,148
2021_A13744,32,66,56,154
2022_A13745,42,76,25,143
2019_C13746,64,41,52,157
2019_A13747,13,19,70,102
2019_B13748,65,64,75,204
2022_A13749,49,71,71,191
2022_B13750,56,97,91,244
2019_C13751,58,13,38,109
2022_C13752,87,53,55,195
2022_C13753,65,84,39,188
2022_B13754,33,55,95,183
2022_A13755,12,43,34,89
2021_A13756,21,92,28,141
2022_B13757,48,42,65,155
2022_C13758,20,81,92,193
2019_C13759,28,39,58,125
2019_B13760,0,53,33,86
2019_C13761,43,25,30,98
2019_C13762,55,44,55,154
2022_A13763,72,51,55,178
2019_A13764,96,81,23,200
2021_B13765,20,34,40,94
2019_A13766,11,28,74,113
2019_C13767,22,13,25,60
2019_B13768,14,26,70,110
2022_A13769,80,33,84,197
2019_C13770,13,37,34,84
2021_C13771,66,16,70,152
2022_B13772,42,51,91,184
2021_C13773,86,42,77,205
2021_A13774,2,42,58,102
2019_C13775,76,62,27,165
2022_B13776,63,36,40,139
2022_B13777,2,62,74,138
2021_C13778,27,50,74,151
2022_C13779,8,33,99,140
2021_B13780,3,69,68,140
2019_B13781,75,36,92,203
2019_C13782,70,63,86,219
2022_B13783,91,72,43,206
2022_C13784,19,70,36,125
2019_C13785,35,62,78,175
2019_C13786,61,69,33,163
2019_B13787,94,21,57,172
2021_B13788,68,52,45,165
2019_A13789,10,55,68,133
2021_B13790,51,89,25,165
2022_C13791,77,40,64,181
2021_C13792,62,18,79,159
2019_C13793,77,96,36,209
2021_C13794,93,41,39,173
2019_C13795,77,76,86,239
2021_A13796,38,24,47,109
2021_B13797,33,73,54,160
2022_C13798,0,65,91,156
2022_B13799,58,12,66,136
2022_C13800,49,48,44,141
2019_C13801,76,34,70,180
2021_A13802,42,96,23,161
2021_A13803,22,87,47,156
2021_C13804,61,51,71,183
2022_B13805,66,52,22,140
2021_A13806,95,92,90,277
2019_C13807,9,39,92,140
2022_A13808,94,48,33,175
2019_C13809,100,58,64,222
2019_B13810,50,89,95,234
2019_A13811,54,21,99,174
2019_C13812,83,12,31,126
2022_B13813,75,18,86,179
2019_B13814,64,79,28,171
2019_A13815,66,22,67,155
2022_B13816,71,15,24,110
2021_C13817,73,23,83,179
2019_B13818,74,51,93,218
2019_A13819,9,68,63,140
2021_C13820,69,97,67,233
2022_B13821,27,85,34,146
2022_C13822,30,21,25,76
2022_B13823,50,96,64,210
2022_C13824,96,72,36,204
2022_C13825,27,89,37,153
2021_C13826,98,21,59,178
2021_A13827,10,46,77,133
2019_A13828,23,20,48,91
2022_A13829,85,37,79,201
2022_A13830,46,43,49,138
2021_B13831,4,17,55,76
2022_C13832,2,86,31,119
2019_A13833,59,88,58,205
2022_A13834,78,75,25,178
2019_A13835,18,56,60,134
2021_A13836,64,44,99,207
2021_A13837,56,69,23,148
2019_A13838,54,38,38,130
2019_C13839,2,92,64,158
2021_B13840,3,55,82,140
2022_B13841,41,41,28,110
2022_B13842,79,25,73,177
2019_C13843,43,13,80,136
2022_A13844,22,70,88,180
2019_A13845,20,66,77,163
2019_B13846,22,95,72,189
2019_C13847,24,32,72,128
2022_A13848,84,53,97,234
2022_C13849,27,13,66,106
2022_A13850,34,93,57,184
2019_A13851,28,51,45,124
2022_C13852,100,58,80,238
2021_C13853,19,24,96,139
2019_B13854,30,86,24,140
2022_A13855,10,78,85,173
2019_C13856,3,70,33,106
2019_A13857,3,84,44,131
2019_A13858,68,52,64,184
2019_A13859,7,61,27,95
2022_A13860,74,97,75,246
2019_B13861,39,57,53,149
2022_B13862,10,40,94,144
2021_A13863,52,28,82,162
2021_A13864,15,52,93,160
2019_B13865,20,72,52,144
2022_B13866,15,90,33,138
2019_C13867,35,92,49,176
2022_B13868,28,41,67,136
2022_A13869,7,76,30,113
2019_B13870,64,44,30,138
2019_B13871,85,36,61,182
2022_A13872,1,14,47,62
2021_A13873,20,32,25,77
2021_B13874,33,70,60,163
2019_B13875,38,22,65,125
2021_B13876,18,70,91,179
2021_B13877,28,85,22,135
2019_B13878,8,43,43,94
2019_B13879,60,75,79,214
2021_C13880,34,15,71,120
2022_A13881,86,97,44,227
2021_A13882,31,19,27,77
2021_C13883,33,11,25,69
2019_B13884,19,57,65,141
2022_A13885,79,29,25,133
2021_A13886,79,84,63,226
2019_A13887,10,68,44,122
2019_A13888,53,61,80,194
2019_B13889,92,31,40,163
2021_C13890,13,33,57,103
2019_C13891,53,41,98,192
2022_B13892,32,18,28,78
2022_A13893,49,49,77,175
2019_C13894,81,35,85,201
2022_C13895,91,48,71,210
2021_B13896,62,63,38,163
2022_C13897,27,58,45,130
2021_A13898,60,63,71,194
2019_B13899,75,32,83,190
2019_A13900,81,43,97,221
2022_C13901,21,71,60,152
2019_A13902,21,19,62,102
2019_C13903,70,45,22,137
2021_A13904,15,20,22,57
2021_B13905,66,57,30,153
2019_C13906,40,12,51,103
2019_A13907,87,71,29,187
2022_A13908,94,84,44,222
2021_A13909,76,20,73,169
2021_B13910,12,12,90,114
2021_B13911,46,76,94,216
2021_B13912,43,89,21,153
2019_C13913,46,37,87,170
2021_A13914,48,51,56,155
2021_A13915,88,57,78,223
2021_B13916,73,50,41,164
2021_A13917,29,41,33,103
2019_A13918,33,65,41,139
2021_A13919,70,11,75,156
2019_C13920,62,30,31,123
2022_B13921,79,19,30,128
2019_B13922,22,45,26,93
2022_A13923,81,82,65,228
2021_B13924,51,51,39,141
2022_B13925,93,60,56,209
2021_C13926,13,80,97,190
2022_B13927,56,59,43,158
2019_A13928,55,25,97,177
2022_A13929,39,46,40,125
2022_B13930,93,59,30,182
2021_C13931,7,33,51,91
2019_C13932,63,38,95,196
2022_A13933,99,14,50,163
2019_B13934,43,13,89,145
2021_B13935,34,65,42,141
2022_B13936,45,72,21,138
2019_C13937,70,50,74,194
2019_C13938,69,84,95,248
2021_A13939,35,71,30,136
2021_B13940,66,51,43,160
2019_A13941,27,47,80,154
2022_A13942,56,58,59,173
2019_A13943,76,56,99,231
2021_B13944,11,32,34,77
2021_C13945,16,67,41,124
2022_A13946,69,17,65,151
2022_A13947,89,93,23,205
2022_A13948,24,52,84,160
2021_A13949,55,59,22,136
2019_C13950,99,82,32,213
2019_C13951,36,68,62,166
2021_A13952,34,65,36,135
2021_B13953,88,19,21,128
2019_C13954,2,63,38,103
2022_B13955,63,96,87,246
2021_C13956,72,84,94,250
2019_C13957,65,23,44,132
2019_C13958,11,35,55,101
2019_A13959,48,29,21,98
2021_B13960,61,54,71,186
2022_A13961,84,66,41,191
2021_B13962,23,97,44,164
2019_B13963,26,68,70,164
2022_B13964,79,17,68,164
2019_A13965,57,65,55,177
2022_C13966,32,57,40,129
2022_B13967,15,90,56,161
2022_A13968,92,73,39,204
2021_B13969,49,22,41,112
2019_C13970,12,16,46,74
2019_A13971,95,37,36,168
2021_A13972,29,95,37,161
2022_C13973,92,26,51,169
2021_C13974,84,15,95,194
2022_A13975,44,94,80,218
2019_C13976,69,65,41,175
2019_B13977,18,80,94,192
2022_A13978,33,15,98,146
2021_A13979,68,23,21,112
2021_B13980,40,28,86,154
2019_B13981,51,23,56,130
2022_B13982,50,52,27,129
2021_C13983,12,82,26,120
2021_B13984,20,30,25,75
2019_C13985,58,78,68,204
2019_A13986,11,40,33,84
2019_A13987,39,51,50,140
2022_A13988,21,12,40,73
2019_A13989,92,93,66,251
2019_A13990,81,55,99,235
2019_C13991,85,82,45,212
2021_B13992,71,55,35,161
2019_A13993,11,53,97,161
2021_A13994,78,82,96,256
2021_C13995,65,81,77,223
2021_A13996,39,30,52,121
2019_C13997,71,45,94,210
2019_B13998,33,87,71,191
2019_A13999,79,33,76,188
2022_B14000,97,66,38,201
2019_C14001,95,79,76,250
2022_A14002,97,37,68,202
2019_B14003,43,91,91,225
2019_A14004,44,32,85,161
2022_B14005,87,47,61,195
2022_B14006,78,96,35,209
2021_B14007,90,46,32,168
2019_A14008,6,85,62,153
2021_A14009,93,43,98,234
2019_C14010,52,81,46,179
2022_C14011,13,63,26,102
2022_A14012,82,60,36,178
2021_A14013,75,63,48,186
2022_B14014,10,55,85,150
2022_B14015,94,47,26,167
2022_B14016,78,38,57,173
2022_B14017,81,56,94,231
2022_C14018,81,32,82,195
2022_C14019,17,83,49,149
2019_B14020,55,75,78,208
2019_B14021,72,53,55,180
2019_C14022,56,18,79,153
2022_B14023,13,40,34,87
2022_A14024,2,25,64,91
2019_B14025,82,74,53,209
2021_C14026,91,43,26,160
2022_C14027,31,47,26,104
2021_B14028,28,72,55,155
2021_A14029,13,36,67,116
2022_A14030,68,59,49,176
2022_A14031,61,83,85,229
2022_A14032,72,72,59,203
2022_C14033,19,97,79,195
2019_C14034,24,26,28,78
2019_A14035,21,64,97,182
2021_A14036,76,89,94,259
2021_B14037,38,72,87,197
2021_B14038,73,79,46,198
2019_C14039,18,94,60,172
2022_A14040,67,90,77,234
2022_B14041,0,42,98,140
2019_B14042,100,67,61,228
2022_A14043,68,61,60,189
2021_B14044,12,30,88,130
2019_A14045,78,70,80,228
2021_B14046,36,45,55,136
2021_A14047,14,17,60,91
2022_C14048,18,79,71,168
2021_A14049,35,18,91,144
2019_C14050,9,76,42,127
2021_C14051,38,42,89,169
2019_B14052,100,69,88,257
2019_C14053,83,71,97,251
2021_A14054,47,71,47,165
2021_B14055,26,30,22,78
2021_B14056,44,77,31,152
2021_A14057,79,78,43,200
2022_B14058,46,41,77,164
2022_C14059,49,40,98,187
2022_A14060,80,43,61,184
2019_B14061,24,87,79,190
2021_A14062,43,45,27,115
2022_C14063,50,89,67,206
2022_C14064,99,81,84,264
2021_B14065,99,87,34,220
2022_B14066,91,65,99,255
2019_B14067,15,54,66,135
2022_A14068,68,47,45,160
2022_B14069,78,11,63,152
2022_C14070,78,80,63,221
2021_B14071,99,23,34,156
2021_C14072,35,52,39,126
2022_C14073,54,73,51,178
2019_A14074,3,12,53,68
2019_A14075,29,81,39,149
2019_C14076,75,64,56,195
2019_C14077,76,75,59,210
2019_C14078,6,54,96,156
2019_C14079,72,49,66,187
2021_B14080,10,12,97,119
2019_B14081,52,36,57,145
2019_A14082,34,15,96,145
2021_A14083,26,86,61,173
2019_A14084,91,69,84,244
2022_B14085,42,25,25,92
2021_B14086,73,20,60,153
2022_C14087,60,96,53,209
2022_C14088,57,11,24,92
2021_C14089,70,62,21,153
2022_B14090,0,69,61,130
2019_A14091,44,97,46,187
2022_A14092,62,18,54,134
2021_B14093,22,94,36,152
2022_A14094,16,30,63,109
2022_A14095,27,14,90,131
2022_C14096,17,37,97,151
2021_B14097,98,32,23,153
2019_A14098,17,57,47,121
2022_C14099,13,49,66,128
2022_B14100,35,33,32,100
2019_B14101,31,23,60,114
2019_B14102,33,15,79,127
2022_A14103,14,81,59,154
2022_C14104,3,95,74,172
2019_C14105,57,80,42,179
2019_B14106,46,91,30,167
2022_C14107,27,41,68,136
2022_B14108,42,49,44,135
2021_B14109,37,50,30,117
2022_C14110,80,46,42,168
2021_B14111,60,46,95,201
2019_A14112,70,16,50,136
2022_B14113,77,21,62,160
2019_C14114,72,49,85,206
2022_B14115,63,71,91,225
2021_B14116,58,59,31,148
2022_B14117,87,55,33,175
2021_A14118,35,97,50,182
2019_C14119,25,39,62,126
2022_C14120,22,56,72,150
2021_B14121,81,14,52,147
2022_C14122,43,31,68,142
2022_B14123,11,95,68,174
2022_C14124,56,25,42,123
2019_C14125,80,68,51,199
2019_A14126,87,22,45,154
2019_B14127,68,11,27,106
2021_A14128,32,25,41,98
2021_B14129,70,39,66,175
2022_A14130,31,90,58,179
2021_C14131,38,13,33,84
2022_B14132,18,56,70,144
2022_B14133,39,95,96,230
2021_B14134,50,57,90,197
2022_A14135,40,73,62,175
2022_C14136,43,68,80,191
2022_B14137,42,66,47,155
2021_B14138,16,13,81,110
2022_A14139,88,94,99,281
2022_A14140,46,70,39,155
2019_C14141,4,64,68,136
2022_B14142,79,37,52,168
2019_C14143,19,34,40,93
2021_C14144,89,13,76,178
2022_C14145,47,95,24,166
2022_A14146,18,52,29,99
2022_C14147,71,37,60,168
2021_B14148,2,66,44,112
2022_A14149,3,85,84,172
2019_C14150,83,18,50,151
2019_C14151,41,76,61,178
2021_C14152,13,68,82,163
2019_A14153,63,20,72,155
2019_A14154,89,81,97,267
2019_B14155,37,96,45,178
2021_B14156,93,12,65,170
2019_B14157,9,47,94,150
2022_B14158,4,62,67,133
2019_A14159,30,71,82,183
2019_A14160,24,94,97,215
2022_B14161,88,89,31,208
2019_A14162,70,95,91,256
2021_C14163,41,92,28,161
2019_C14164,12,57,99,168
2019_B14165,95,62,58,215
2022_A14166,91,95,45,231
2019_C14167,100,12,43,155
2019_A14168,55,39,48,142
2022_A14169,60,57,76,193
2022_B14170,4,81,63,148
2021_B14171,6,14,56,76
2022_B14172,30,55,94,179
2019_B14173,92,65,83,240
2022_B14174,86,18,34,138
2019_B14175,18,62,61,141
2019_B14176,63,43,97,203
2022_B14177,50,12,21,83
2021_C14178,91,41,64,196
2022_A14179,99,93,96,288
2021_C14180,49,46,81,176
2021_A14181,7,50,26,83
2019_C14182,52,19,29,100
2019_A14183,50,23,81,154
2019_B14184,6,11,59,76
2019_C14185,91,21,35,147
2022_A14186,15,60,88,163
2019_A14187,34,42,53,129
2019_B14188,18,61,65,144
2021_B14189,0,78,88,166
2019_B14190,84,11,77,172
2021_A14191,80,25,75,180
2021_B14192,55,85,29,169
2021_C14193,24,15,55,94
2021_B14194,98,87,66,251
2019_C14195,50,40,59,149
2022_B14196,22,42,31,95
2019_A14197,21,40,45,106
2021_A14198,77,35,32,144
2019_C14199,40,57,55,152
2022_C14200,11,53,44,108
2019_A14201,79,67,75,221
2019_A14202,83,80,96,259
2022_B14203,12,67,26,105
2021_C14204,32,45,23,100
2022_B14205,57,31,94,182
2021_B14206,71,31,38,140
2022_C14207,0,97,98,195
2022_B14208,48,95,79,222
2022_A14209,59,75,39,173
2019_C14210,75,57,93,225
2019_A14211,73,42,85,200
2022_A14212,0,93,68,161
2022_C14213,54,18,46,118
2022_C14214,67,53,56,176
2021_C14215,6,34,94,134
2022_A14216,16,69,65,150
2021_B14217,28,16,36,80
2021_B14218,66,84,82,232
2019_A14219,31,71,58,160
2019_A14220,23,49,71,143
2022_A14221,3,51,31,85
2019_A14222,47,58,79,184
2022_B14223,72,43,63,178
2021_A14224,27,65,70,162
2021_C14225,14,72,28,114
2019_B14226,12,50,32,94
2021_B14227,84,40,75,199
2019_A14228,83,85,99,267
2021_C14229,21,72,65,158
2022_B14230,74,34,94,202
2019_B14231,28,53,87,168
2019_B14232,33,12,23,68
2019_C14233,72,67,79,218
2021_A14234,48,65,63,176
2019_B14235,3,82,66,151
2019_B14236,93,71,35,199
2021_B14237,82,44,44,170
2021_C14238,68,13,65,146
2021_B14239,0,37,40,77
2019_C14240,4,26,39,69
2021_B14241,40,35,96,171
2022_A14242,55,31,21,107
2021_B14243,85,45,36,166
2021_A14244,69,56,28,153
2021_A14245,2,75,38,115
2019_A14246,53,36,36,125
2021_C14247,33,24,77,134
2021_B14248,1,45,63,109
2021_C14249,94,62,32,188
2019_B14250,81,17,24,122
2021_B14251,91,21,89,201
2022_C14252,27,89,40,156
2019_A14253,55,38,36,129
2022_C14254,45,46,37,128
2022_C14255,89,60,21,170
2021_A14256,19,74,25,118
2019_A14257,65,54,22,141
2021_B14258,17,22,55,94
2019_B14259,23,91,58,172
2022_B14260,6,95,38,139
2021_C14261,18,96,95,209
2021_B14262,19,18,93,130
2019_B14263,91,81,89,261
2021_C14264,100,59,63,222
2022_A14265,89,97,38,224
2022_B14266,92,40,47,179
2019_B14267,76,80,56,212
2019_A14268,33,30,81,144
2021_B14269,12,43,36,91
2021_A14270,77,19,41,137
2019_C14271,3,73,22,98
2021_A14272,70,75,99,244
2022_C14273,74,81,44,199
2019_B14274,47,37,77,161
2022_A14275,48,87,82,217
2021_C14276,78,46,66,190
2022_C14277,14,93,95,202
2022_B14278,76,87,88,251
2021_B14279,19,72,32,123
2019_A14280,41,70,43,154
2021_C14281,77,72,92,241
2022_A14282,10,73,28,111
2019_C14283,40,52,93,185
2019_B14284,37,11,37,85
2021_C14285,27,47,91,165
2019_C14286,49,22,42,113
2021_C14287,45,23,44,112
2021_C14288,71,76,31,178
2022_C14289,77,29,43,149
2019_A14290,53,72,75,200
2021_C14291,17,12,39,68
2021_B14292,19,23,68,110
2021_B14293,6,51,64,121
2019_B14294,87,91,42,220
2022_C14295,80,27,97,204
2022_B14296,26,95,94,215
2021_A14297,77,81,91,249
2019_B14298,51,77,28,156
2019_C14299,92,62,54,208
2021_C14300,13,67,53,133
2022_B14301,64,45,55,164
2019_A14302,9,52,60,121
2019_C14303,34,43,90,167
2021_B14304,35,92,57,184
2019_A14305,70,73,31,174
2022_B14306,5,33,98,136
2022_B14307,92,32,58,182
2019_A14308,51,48,75,174
2021_A14309,8,38,89,135
2022_A14310,57,56,25,138
2022_C14311,76,96,39,211
2021_A14312,26,17,91,134
2022_B14313,99,58,96,253
2022_C14314,58,90,70,218
2021_A14315,43,14,86,143
2019_A14316,27,40,37,104
2022_A14317,22,70,28,120
2019_C14318,20,60,95,175
2022_C14319,49,65,55,169
2021_C14320,23,88,79,190
2022_A14321,63,93,85,241
2021_C14322,56,34,79,169
2019_B14323,59,63,32,154
2022_B14324,21,11,52,84
2022_B14325,31,37,82,150
2019_C14326,8,16,95,119
2022_C14327,40,23,30,93
2019_B14328,93,32,90,215
2019_C14329,63,14,73,150
2022_C14330,2,91,53,146
2021_C14331,49,57,87,193
2022_A14332,97,92,64,253
2019_B14333,71,37,73,181
2022_A14334,24,17,99,140
2021_C14335,4,32,78,114
2019_B14336,78,32,29,139
2019_A14337,37,22,90,149
2021_C14338,49,81,40,170
2019_B14339,82,54,36,172
2021_B14340,15,86,77,178
2021_A14341,79,42,29,150
2019_C14342,87,71,92,250
2022_A14343,24,47,40,111
2022_C14344,68,95,64,227
2022_A14345,22,73,98,193
2021_A14346,5,97,99,201
2021_C14347,86,58,88,232
2019_C14348,77,12,87,176
2022_A14349,22,84,58,164
2019_C14350,9,82,50,141
2022_B14351,75,24,92,191
2022_C14352,16,89,84,189
2022_B14353,7,62,54,123
2021_A14354,55,65,79,199
2021_A14355,58,92,22,172
2021_C14356,29,28,28,85
2021_C14357,35,65,60,160
2022_C14358,9,79,39,127
2021_A14359,47,19,30,96
2022_A14360,96,45,22,163
2022_B14361,56,21,99,176
2021_C14362,51,57,72,180
2022_A14363,72,66,99,237
2019_C14364,31,88,76,195
2019_B14365,11,71,79,161
2019_B14366,58,39,86,183
2019_B14367,4,54,21,79
2022_A14368,71,96,22,189
2019_A14369,90,12,36,138
2021_A14370,19,87,35,141
2022_B14371,72,34,96,202
2022_A14372,96,83,21,200
2022_C14373,100,46,87,233
2019_B14374,29,76,83,188
2022_C14375,68,51,58,177
2022_B14376,71,74,61,206
2021_B14377,0,71,65,136
2022_B14378,98,47,38,183
2019_A14379,54,65,55,174
2019_B14380,87,18,94,199
2022_C14381,71,52,26,149
2022_B14382,45,15,56,116
2022_A14383,32,50,61,143
2019_B14384,43,27,74,144
2022_A14385,16,20,64,100
2019_B14386,9,22,62,93
2019_C14387,58,13,92,163
2019_C14388,62,37,33,132
2019_B14389,84,15,77,176
2019_B14390,7,88,25,120
2022_B14391,96,31,44,171
2019_B14392,33,17,61,111
2019_A14393,33,42,85,160
2019_A14394,25,28,30,83
2019_C14395,17,50,57,124
2021_C14396,69,25,49,143
2021_B14397,78,75,25,178
2022_B14398,44,16,22,82
2019_C14399,75,85,63,223
2022_C14400,1,89,79,169
2021_C14401,71,36,25,132
2022_B14402,58,73,74,205
2022_B14403,3,51,90,144
2021_C14404,85,66,40,191
2022_B14405,58,91,31,180
2021_B14406,80,54,31,165
2019_A14407,36,53,80,169
2019_A14408,42,63,58,163
2021_C14409,53,30,23,106
2021_A14410,36,47,26,109
2021_C14411,86,90,82,258
2021_A14412,15,11,43,69
2019_A14413,60,55,43,158
2022_B14414,51,68,97,216
2022_B14415,83,43,82,208
2021_C14416,64,35,26,125
2021_B14417,66,19,48,133
2022_A14418,53,32,40,125
2022_A14419,69,41,57,167
2019_B14420,99,65,49,213
2019_C14421,13,28,71,112
2019_C14422,22,48,33,103
2022_A14423,66,69,35,170
2021_B14424,28,53,90,171
2021_B14425,52,69,61,182
2019_B14426,76,76,61,213
2022_A14427,44,40,23,107
2022_B14428,80,72,79,231
2022_B14429,41,83,72,196
2021_B14430,88,39,64,191
2019_B14431,90,57,79,226
2021_B14432,57,15,51,123
2019_C14433,62,69,55,186
2022_A14434,80,19,52,151
2022_A14435,32,36,70,138
2019_C14436,68,50,76,194
2022_A14437,8,53,27,88
2021_A14438,91,31,82,204
2021_A14439,50,27,68,145
2022_C14440,31,61,82,174
2022_C14441,78,58,77,213
2019_B14442,34,57,66,157
2019_C14443,59,68,39,166
2021_C14444,69,44,99,212
2021_A14445,7,94,51,152
2019_A14446,37,31,63,131
2021_B14447,22,52,99,173
2021_B14448,67,49,82,198
2019_A14449,48,33,40,121
2021_C14450,32,12,36,80
2019_C14451,64,39,85,188
2019_C14452,70,88,78,236
2022_A14453,14,22,91,127
2021_B14454,69,49,38,156
2021_B14455,97,87,32,216
2019_C14456,34,53,99,186
2022_B14457,39,88,99,226
2019_A14458,57,70,45,172
2021_C14459,44,31,72,147
2019_A14460,40,90,89,219
2021_A14461,74,87,68,229
2021_B14462,47,43,98,188
2021_A14463,2,37,58,97
2021_C14464,11,96,62,169
2021_C14465,71,13,88,172
2021_B14466,24,11,47,82
2022_A14467,7,27,86,120
2022_C14468,64,66,67,197
2021_A14469,93,25,80,198
2019_C14470,77,43,56,176
2019_A14471,40,15,58,113
2022_C14472,51,80,53,184
2019_C14473,37,30,85,152
2021_B14474,77,45,71,193
2019_B14475,14,25,29,68
2019_C14476,81,24,47,152
2022_A14477,16,95,29,140
2022_A14478,98,72,48,218
2021_A14479,70,59,81,210
2019_B14480,19,49,86,154
2021_C14481,95,18,32,145
2019_C14482,55,64,45,164
2022_C14483,15,41,75,131
2019_A14484,6,77,96,179
2021_C14485,76,67,76,219
2021_C14486,100,32,48,180
2019_A14487,91,32,95,218
2022_A14488,25,41,23,89
2019_C14489,97,95,23,215
2021_C14490,75,58,87,220
2022_C14491,38,29,57,124
2022_B14492,75,16,92,183
2022_B14493,91,70,89,250
2021_C14494,26,46,25,97
2022_C14495,30,88,92,210
2019_A14496,54,53,81,188
2019_C14497,63,74,83,220
2022_A14498,31,87,78,196
2021_B14499,11,92,30,133
2021_B14500,0,37,24,61
2019_C14501,37,14,25,76
2021_A14502,37,18,72,127
2022_C14503,1,88,81,170
2021_C14504,97,42,28,167
2022_C14505,58,55,90,203
2022_A14506,45,68,21,134
2021_C14507,61,67,37,165
2022_C14508,44,31,54,129
2022_B14509,34,71,37,142
2021_B14510,39,21,51,111
2021_A14511,83,59,57,199
2022_B14512,24,37,93,154
2019_C14513,23,85,21,129
2022_C14514,15,93,49,157
2022_A14515,71,36,50,157
2022_A14516,93,69,98,260
2021_B14517,49,20,70,139
2021_A14518,55,19,31,105
2022_B14519,74,96,53,223
2019_C14520,64,44,95,203
2021_C14521,85,23,34,142
2022_C14522,63,82,88,233
2022_B14523,27,92,32,151
2021_A14524,46,73,62,181
2021_B14525,60,49,99,208
2019_A14526,63,57,73,193
2021_C14527,47,67,63,177
2019_A14528,57,67,55,179
2021_B14529,22,93,31,146
2019_C14530,55,60,25,140
2022_C14531,44,95,73,212
2019_C14532,0,84,45,129
2021_A14533,65,56,70,191
2022_C14534,13,91,75,179
2019_A14535,64,41,25,130
2021_B14536,1,58,63,122
2022_B14537,14,81,66,161
2021_A14538,2,57,98,157
2022_A14539,90,63,60,213
2021_A14540,26,37,55,118
2021_B14541,75,56,45,176
2021_B14542,88,60,96,244
2022_B14543,40,57,90,187
2021_C14544,3,41,66,110
2019_C14545,94,41,68,203
2019_C14546,23,56,41,120
2021_B14547,92,11,68,171
2022_C14548,25,20,77,122
2022_C14549,59,96,24,179
2021_B14550,98,20,72,190
2022_A14551,41,44,62,147
2022_A14552,79,33,78,190
2022_A14553,89,33,72,194
2019_C14554,99,42,91,232
2021_B14555,83,13,75,171
2022_C14556,86,44,53,183
2019_A14557,58,21,92,171
2021_B14558,16,16,39,71
2022_C14559,67,24,98,189
2019_C14560,1,38,84,123
2021_B14561,87,45,49,181
2019_A14562,37,14,37,88
2021_B14563,72,11,25,108
2019_B14564,96,30,39,165
2022_B14565,27,75,66,168
2022_A14566,78,77,81,236
2019_A14567,72,65,39,176
2021_C14568,11,71,64,146
2019_A14569,29,60,99,188
2022_C14570,89,15,66,170
2019_A14571,17,58,86,161
2019_A14572,21,86,24,131
2021_A14573,31,56,28,115
2022_B14574,8,92,55,155
2019_A14575,30,41,82,153
2022_B14576,55,79,66,200
2019_C14577,0,67,52,119
2019_C14578,46,11,27,84
2021_C14579,96,24,41,161
2022_A14580,37,23,47,107
2019_A14581,44,36,83,163
2022_A14582,15,29,67,111
2022_A14583,16,24,26,66
2021_C14584,95,26,25,146
2019_C14585,75,47,84,206
2019_B14586,36,90,21,147
2022_C14587,97,23,63,183
2021_B14588,78,17,96,191
2022_B14589,78,78,33,189
2021_C14590,78,37,48,163
2022_B14591,55,84,68,207
2022_B14592,54,46,29,129
2021_C14593,100,66,44,210
2019_C14594,24,80,43,147
2019_C14595,36,97,55,188
2021_A14596,20,32,85,137
2019_B14597,47,96,58,201
2021_B14598,19,72,44,135
2019_B14599,53,96,74,223
2019_B14600,28,64,22,114
2022_B14601,60,70,44,174
2021_A14602,63,57,39,159
2019_C14603,5,33,57,95
2021_C14604,17,39,72,128
2019_B14605,56,72,36,164
2022_B14606,70,69,49,188
2021_C14607,23,84,69,176
2022_A14608,69,37,56,162
2021_B14609,85,12,32,129
2019_B14610,11,45,44,100
2021_A14611,15,58,45,118
2022_C14612,49,71,48,168
2019_C14613,98,51,66,215
2019_C14614,35,97,71,203
2022_C14615,19,93,79,191
2021_B14616,33,32,80,145
2019_B14617,13,21,80,114
2022_B14618,62,91,81,234
2019_A14619,39,64,89,192
2019_A14620,96,24,82,202
2022_C14621,36,75,40,151
2022_B14622,42,16,23,81
2022_A14623,26,20,48,94
2022_A14624,59,64,57,180
2022_B14625,46,33,94,173
2021_B14626,62,36,58,156
2022_B14627,71,70,75,216
2021_A14628,43,67,46,156
2021_C14629,0,57,24,81
2021_C14630,51,57,86,194
2019_B14631,23,60,80,163
2021_B14632,24,57,36,117
2021_C14633,41,38,32,111
2019_A14634,7,14,50,71
2022_A14635,21,96,59,176
2021_A14636,58,95,65,218
2021_A14637,10,26,64,100
2021_C14638,46,66,77,189
2022_A14639,59,93,78,230
2021_A14640,63,34,44,141
2022_C14641,72,30,52,154
2022_A14642,98,90,88,276
2021_A14643,12,41,72,125
2022_B14644,85,89,71,245
2021_C14645,95,38,64,197
2019_B14646,26,54,59,139
2021_A14647,62,40,25,127
2022_B14648,5,42,42,89
2019_A14649,50,53,36,139
2021_C14650,60,78,70,208
2022_A14651,92,48,71,211
2019_B14652,46,36,92,174
2021_B14653,85,37,66,188
2019_C14654,33,39,79,151
2019_A14655,25,45,63,133
2022_C14656,19,42,35,96
2019_C14657,100,91,88,279
2022_A14658,22,47,25,94
2019_B14659,4,68,68,140
2019_B14660,9,50,48,107
2022_C14661,30,83,42,155
2021_B14662,67,51,26,144
2019_C14663,61,44,51,156
2019_C14664,16,70,44,130
2021_B14665,29,53,97,179
2022_C14666,67,30,99,196
2021_A14667,36,80,91,207
2021_B14668,30,52,81,163
2021_A14669,52,81,39,172
2021_B14670,99,51,52,202
2021_B14671,49,58,63,170
2021_A14672,53,45,45,143
2022_B14673,95,74,22,191
2019_A14674,6,14,35,55
2019_C14675,58,96,32,186
2019_B14676,30,37,67,134
2022_A14677,0,16,71,87
2022_B14678,80,69,69,218
2021_C14679,65,16,24,105
2019_B14680,28,24,59,111
2019_C14681,76,86,51,213
2019_C14682,16,81,39,136
2021_C14683,39,20,90,149
2021_C14684,66,15,85,166
2022_A14685,52,54,45,151
2021_B14686,0,33,51,84
2021_A14687,16,88,50,154
2019_A14688,34,62,59,155
2022_B14689,76,94,42,212
2021_A14690,13,68,50,131
2022_B14691,18,64,54,136
2019_B14692,27,85,51,163
2021_B14693,49,32,24,105
2019_B14694,22,12,42,76
2022_C14695,88,60,78,226
2021_A14696,79,91,53,223
2022_C14697,13,93,79,185
2021_A14698,72,47,45,164
2022_C14699,13,18,24,55
2021_B14700,12,86,37,135
2019_A14701,50,68,28,146
2022_C14702,63,75,38,176
2019_B14703,3,89,73,165
2022_A14704,22,28,70,120
2019_C14705,55,23,55,133
2022_B14706,58,89,60,207
2021_B14707,8,78,88,174
2021_C14708,26,61,81,168
2019_C14709,27,72,88,187
2021_A14710,28,63,95,186
2022_A14711,96,58,49,203
2019_C14712,56,38,74,168
2019_C14713,19,73,63,155
2022_C14714,52,55,76,183
2021_B14715,93,46,45,184
2022_C14716,41,76,74,191
2019_A14717,95,64,68,227
2022_A14718,34,88,43,165
2019_C14719,22,58,64,144
2022_C14720,51,88,38,177
2021_A14721,7,42,57,106
2022_C14722,59,20,31,110
2022_A14723,65,75,33,173
2022_C14724,76,92,42,210
2021_A14725,89,21,81,191
2022_B14726,57,77,93,227
2022_A14727,2,45,60,107
2021_C14728,100,46,66,212
2021_A14729,29,86,66,181
2022_A14730,84,96,32,212
2019_A14731,2,23,42,67
2021_C14732,30,81,55,166
2021_B14733,34,90,48,172
2022_B14734,96,27,89,212
2022_B14735,83,41,99,223
2021_C14736,68,84,93,245
2022_A14737,90,52,82,224
2022_A14738,43,97,41,181
2019_C14739,83,14,60,157
2022_B14740,65,67,49,181
2019_B14741,50,97,75,222
2019_A14742,24,12,57,93
2021_C14743,80,35,92,207
2019_C14744,43,44,61,148
2019_C14745,44,89,55,188
2022_B14746,3,52,40,95
2022_B14747,70,12,96,178
2022_C14748,57,83,48,188
2022_C14749,91,64,36,191
2022_C14750,14,41,90,145
2022_A14751,23,14,88,125
2022_C14752,77,17,34,128
2019_A14753,55,52,94,201
2022_C14754,91,21,27,139
2019_A14755,26,53,77,156
2022_B14756,74,47,33,154
2021_C14757,77,49,24,150
2022_A14758,39,32,96,167
2019_A14759,65,26,97,188
2021_B14760,82,60,94,236
2019_A14761,47,13,35,95
2022_A14762,58,32,29,119
2019_B14763,98,23,58,179
2021_A14764,26,97,89,212
2022_C14765,3,48,45,96
2019_B14766,42,90,68,200
2021_C14767,44,92,79,215
2019_B14768,1,55,94,150
2022_C14769,4,42,39,85
2019_B14770,4,53,54,111
2021_B14771,97,28,42,167
2021_A14772,70,34,83,187
2019_A14773,57,68,56,181
2021_C14774,34,12,97,143
2022_B14775,44,52,74,170
2022_C14776,53,43,74,170
2019_B14777,10,12,99,121
2019_A14778,97,49,72,218
2021_C14779,53,52,35,140
2022_C14780,74,61,97,232
2022_B14781,99,49,77,225
2021_B14782,49,63,31,143
2022_B14783,85,63,64,212
2022_B14784,63,69,56,188
2022_B14785,91,87,71,249
2019_C14786,98,54,47,199
2022_A14787,99,29,47,175
2019_C14788,46,47,88,181
2021_C14789,31,14,21,66
2022_C14790,89,20,74,183
2019_B14791,28,63,50,141
2019_A14792,80,54,92,226
2022_A14793,26,40,94,160
2019_C14794,100,57,70,227
2022_C14795,30,88,56,174
2019_A14796,57,91,56,204
2021_A14797,55,82,58,195
2022_C14798,12,49,27,88
2021_A14799,88,81,60,229
2022_C14800,93,50,52,195
2019_B14801,88,13,32,133
2022_A14802,79,87,87,253
2019_C14803,62,72,60,194
2019_A14804,41,61,50,152
2022_A14805,35,91,99,225
2021_B14806,77,68,76,221
2019_C14807,97,89,55,241
2021_B14808,17,31,55,103
2021_C14809,96,52,62,210
2021_A14810,95,41,31,167
2022_A14811,58,71,25,154
2019_A14812,1,67,88,156
2021_C14813,98,22,88,208
2021_C14814,7,97,22,126
2019_A14815,28,68,57,153
2022_B14816,0,79,65,144
2021_C14817,55,34,79,168
2019_B14818,74,55,48,177
2019_C14819,28,93,46,167
2022_C14820,21,26,46,93
2022_C14821,26,87,76,189
2022_B14822,71,57,37,165
2021_B14823,65,41,71,177
2021_B14824,99,77,59,235
2021_A14825,1,22,97,120
2021_B14826,47,64,64,175
2021_A14827,6,48,29,83
2022_C14828,78,26,91,195
2019_C14829,41,75,53,169
2019_A14830,41,92,31,164
2021_A14831,62,54,96,212
2021_C14832,98,54,86,238
2021_A14833,13,22,94,129
2022_C14834,39,79,76,194
2021_B14835,0,43,99,142
2019_B14836,52,83,71,206
2019_C14837,88,70,69,227
2022_C14838,28,49,31,108
2022_C14839,86,77,80,243
2019_B14840,4,23,41,68
2019_A14841,96,93,79,268
2019_A14842,11,34,51,96
2019_B14843,38,29,35,102
2022_A14844,27,16,46,89
2022_A14845,1,51,88,140
2019_C14846,72,88,67,227
2022_A14847,35,79,37,151
2019_C14848,96,83,59,238
2022_C14849,58,29,27,114
2022_B14850,16,58,79,153
2022_C14851,10,24,57,91
2022_A14852,90,49,91,230
2019_B14853,40,74,40,154
2022_A14854,35,23,35,93
2022_A14855,26,80,29,135
2021_C14856,0,52,95,147
2019_B14857,30,40,91,161
2021_A14858,30,27,95,152
2019_C14859,74,91,24,189
2022_C14860,17,96,85,198
2019_A14861,88,11,39,138
2022_B14862,65,57,75,197
2021_A14863,68,95,46,209
2021_A14864,33,60,47,140
2021_A14865,41,68,98,207
2022_C14866,92,16,93,201
2022_B14867,63,82,80,225
2021_A14868,29,22,81,132
2022_C14869,12,13,41,66
2021_A14870,61,75,33,169
2021_C14871,25,77,44,146
2022_A14872,49,37,79,165
2022_B14873,77,34,75,186
2021_A14874,33,52,44,129
2019_A14875,92,31,76,199
2019_B14876,3,86,54,143
2022_A14877,87,31,87,205
2022_B14878,70,58,51,179
2021_C14879,87,60,88,235
2021_C14880,65,61,37,163
2019_A14881,30,42,88,160
2022_B14882,100,46,65,211
2022_B14883,66,32,58,156
2022_C14884,71,48,25,144
2021_A14885,57,78,50,185
2019_C14886,77,49,75,201
2019_A14887,71,73,31,175
2021_C14888,48,58,93,199
2019_B14889,45,24,90,159
2021_A14890,0,73,43,116
2019_C14891,10,38,49,97
2021_C14892,14,55,43,112
2019_C14893,84,37,64,185
2021_C14894,100,20,58,178
2021_B14895,73,23,95,191
2019_A14896,85,16,29,130
2021_B14897,86,77,77,240
2021_A14898,39,93,64,196
2019_A14899,79,48,75,202
2021_B14900,79,72,44,195
2021_C14901,92,88,85,265
2019_B14902,65,41,23,129
2021_B14903,91,26,24,141
2021_B14904,99,21,44,164
2022_A14905,36,14,43,93
2019_A14906,79,12,98,189
2022_B14907,41,39,63,143
2022_C14908,54,79,98,231
2019_C14909,33,67,65,165
2021_C14910,43,84,38,165
2022_C14911,22,89,21,132
2021_C14912,13,38,45,96
2021_A14913,24,65,83,172
2022_A14914,22,49,72,143
2022_C14915,89,84,48,221
2019_A14916,74,63,50,187
2022_B14917,23,65,45,133
2022_A14918,95,18,40,153
2021_A14919,22,13,22,57
2022_C14920,38,19,83,140
2022_A14921,74,58,28,160
2022_B14922,56,38,46,140
2019_B14923,31,65,87,183
2021_B14924,88,71,34,193
2019_A14925,98,51,50,199
2022_C14926,10,23,65,98
2019_A14927,50,43,25,118
2022_A14928,78,36,35,149
2019_C14929,51,32,71,154
2021_C14930,22,82,29,133
2022_A14931,5,36,39,80
2022_B14932,59,84,60,203
2021_C14933,23,63,57,143
2022_B14934,83,13,89,185
2021_C14935,39,82,96,217
2019_B14936,81,72,70,223
2021_A14937,81,97,98,276
2022_C14938,37,80,84,201
2019_B14939,31,34,56,121
2019_B14940,31,18,69,118
2019_C14941,92,87,34,213
2019_B14942,27,44,76,147
2021_A14943,39,70,67,176
2022_C14944,1,63,34,98
2021_B14945,14,49,40,103
2022_C14946,11,38,52,101
2022_A14947,62,26,85,173
2019_A14948,73,68,60,201
2019_A14949,19,67,60,146
2021_A14950,57,65,25,147
2021_B14951,8,73,66,147
2022_C14952,79,43,82,204
2021_B14953,89,60,71,220
2019_C14954,19,85,43,147
2019_A14955,69,16,46,131
2019_B14956,48,84,60,192
2021_B14957,97,23,68,188
2019_B14958,9,21,64,94
2022_B14959,13,84,56,153
2019_C14960,17,55,67,139
2021_C14961,4,12,38,54
2019_A14962,70,75,51,196
2019_B14963,91,52,98,241
2022_A14964,37,67,33,137
2019_C14965,99,38,73,210
2021_A14966,81,58,90,229
2019_B14967,84,50,38,172
2022_C14968,95,45,46,186
2019_A14969,21,52,92,165
2022_B14970,25,46,50,121
2021_A14971,53,83,78,214
2022_C14972,83,68,58,209
2022_C14973,91,14,63,168
2021_B14974,44,76,95,215
2022_B14975,5,69,31,105
2021_B14976,90,81,93,264
2021_A14977,20,86,46,152
2022_A14978,77,64,27,168
2021_A14979,19,27,57,103
2022_C14980,37,38,99,174
2022_B14981,49,21,91,161
2021_C14982,87,57,45,189
2019_B14983,20,37,64,121
2022_B14984,69,68,88,225
2021_A14985,14,25,59,98
2021_B14986,16,52,90,158
2022_A14987,41,25,23,89
2021_B14988,76,96,74,246
2022_B14989,8,72,29,109
2019_B14990,36,94,78,208
2022_C14991,36,96,74,206
2021_B14992,91,67,28,186
2022_A14993,55,50,77,182
2022_A14994,13,74,42,129
2019_B14995,37,62,76,175
2021_B14996,71,63,64,198
2021_C14997,91,11,65,167
2022_C14998,69,27,86,182
2019_A14999,22,77,89,188
2022_C15000,34,17,28,79
2022_B15001,63,37,21,121
2022_A15002,16,77,33,126
2019_C15003,86,92,31,209
2021_C15004,92,37,83,212
2022_B15005,49,84,67,200
2022_A15006,68,73,64,205
2021_A15007,45,29,32,106
2021_C15008,31,35,66,132
2022_C15009,34,75,66,175
2022_A15010,52,39,41,132
2022_B15011,88,30,87,205
2021_C15012,5,65,34,104
2019_B15013,67,33,84,184
2022_C15014,93,76,55,224
2021_B15015,18,51,81,150
2021_A15016,75,81,43,199
2019_A15017,72,65,99,236
2022_C15018,41,14,46,101
2021_C15019,39,56,99,194
2022_B15020,46,37,33,116
2021_C15021,25,40,29,94
2019_B15022,55,65,40,160
2022_A15023,13,69,37,119
2022_A15024,18,48,87,153
2022_C15025,92,31,99,222
2021_C15026,13,15,25,53
2019_B15027,49,55,92,196
2022_C15028,37,43,91,171
2022_C15029,97,48,93,238
2019_A15030,38,29,76,143
2022_A15031,57,34,79,170
2019_A15032,75,92,93,260
2021_A15033,80,35,32,147
2022_C15034,62,19,53,134
2022_B15035,1,59,51,111
2022_C15036,27,11,54,92
2022_C15037,46,74,94,214
2022_B15038,12,63,37,112
2019_A15039,88,18,65,171
2019_C15040,81,55,57,193
2022_A15041,64,69,30,163
2022_B15042,16,45,27,88
2021_A15043,82,55,66,203
2021_A15044,43,28,37,108
2022_C15045,51,47,70,168
2019_C15046,71,68,23,162
2022_A15047,0,17,67,84
2019_A15048,90,86,66,242
2019_A15049,16,60,50,126
2022_A15050,49,47,25,121
2019_C15051,17,54,93,164
2021_A15052,55,16,92,163
2021_B15053,77,97,26,200
2021_A15054,95,95,33,223
2019_B15055,47,48,91,186
2021_B15056,48,50,24,122
2022_B15057,27,76,89,192
2021_B15058,45,44,45,134
2021_B15059,85,13,76,174
2019_B15060,19,14,36,69
2019_B15061,55,56,62,173
2021_C15062,34,26,22,82
2022_C15063,77,40,52,169
2019_C15064,35,24,96,155
2022_B15065,71,21,22,114
2019_B15066,95,51,48,194
2019_A15067,62,92,47,201
2021_C15068,41,84,56,181
2019_C15069,27,71,59,157
2021_C15070,83,89,96,268
2019_A15071,42,40,60,142
2019_C15072,44,65,66,175
2021_C15073,76,51,48,175
2022_B15074,38,61,58,157
2022_A15075,4,14,76,94
2019_B15076,61,33,51,145
2019_B15077,14,64,74,152
2021_B15078,64,77,29,170
2021_A15079,53,62,47,162
2019_B15080,60,65,91,216
2019_B15081,70,52,39,161
2021_B15082,37,64,62,163
2021_C15083,26,78,28,132
2022_B15084,33,35,75,143
2019_A15085,92,89,72,253
2019_C15086,51,60,25,136
2022_A15087,9,18,31,58
2019_B15088,86,79,28,193
2022_C15089,21,69,40,130
2022_C15090,19,57,59,135
2021_C15091,31,89,86,206
2021_A15092,50,47,35,132
2022_C15093,3,17,41,61
2022_B15094,84,92,60,236
2021_C15095,19,22,62,103
2021_B15096,68,30,52,150
2019_A15097,88,61,80,229
2019_A15098,37,67,74,178
2019_C15099,39,20,82,141
2022_A15100,0,45,67,112
2021_A15101,65,40,55,160
2022_C15102,97,46,54,197
2019_A15103,27,78,48,153
2019_B15104,32,97,88,217
2021_A15105,81,56,63,200
2021_B15106,58,14,65,137
2021_B15107,7,53,46,106
2021_C15108,85,56,29,170
2021_C15109,14,66,91,171
2022_C15110,97,71,95,263
2022_C15111,94,44,76,214
2022_C15112,40,59,22,121
2022_C15113,60,56,96,212
2021_C15114,92,22,39,153
2022_B15115,8,24,90,122
2019_A15116,100,55,26,181
2019_B15117,12,53,38,103
2022_A15118,61,16,80,157
2019_A15119,27,94,51,172
2019_C15120,66,71,78,215
2021_B15121,59,88,54,201
2021_C15122,15,50,85,150
2021_C15123,27,97,39,163
2022_C15124,99,45,72,216
2019_A15125,73,31,82,186
2022_A15126,73,51,60,184
2021_A15127,43,50,92,185
2022_A15128,35,54,78,167
2021_C15129,98,14,41,153
2021_A15130,84,42,92,218
2022_B15131,12,80,31,123
2022_B15132,25,63,49,137
2019_A15133,63,49,85,197
2022_A15134,80,68,74,222
2022_C15135,72,70,73,215
2021_C15136,69,47,55,171
2022_B15137,66,64,62,192
2022_B15138,48,95,97,240
2019_A15139,82,88,55,225
2022_A15140,25,51,83,159
2021_B15141,73,93,86,252
2022_C15142,31,57,80,168
2021_A15143,82,13,77,172
2021_B15144,68,47,90,205
2021_B15145,80,62,66,208
2019_B15146,57,67,82,206
2021_A15147,87,77,43,207
2019_C15148,51,67,96,214
2022_A15149,89,64,57,210
2022_A15150,42,14,55,111
2019_A15151,41,50,44,135
2022_B15152,9,92,23,124
2021_C15153,67,93,75,235
2022_B15154,93,90,79,262
2022_A15155,0,36,42,78
2021_B15156,99,67,33,199
2021_A15157,46,56,91,193
2022_C15158,72,41,64,177
2021_B15159,45,49,92,186
2021_A15160,80,48,39,167
2019_C15161,84,49,64,197
2019_A15162,31,87,28,146
2021_C15163,73,65,78,216
2022_A15164,79,53,80,212
2019_B15165,86,38,88,212
2022_C15166,94,44,33,171
2019_A15167,28,27,57,112
2021_A15168,62,44,61,167
2022_A15169,4,25,89,118
2022_C15170,91,43,59,193
2022_C15171,34,87,35,156
2021_B15172,3,70,31,104
2021_A15173,42,82,82,206
2021_C15174,64,60,53,177
2022_B15175,31,63,44,138
2021_C15176,74,25,29,128
2021_B15177,44,22,90,156
2022_C15178,2,47,48,97
2022_A15179,56,24,75,155
2019_C15180,78,17,47,142
2019_A15181,76,67,44,187
2022_C15182,10,52,78,140
2022_A15183,85,54,69,208
2019_A15184,56,77,33,166
2021_B15185,88,74,70,232
2019_C15186,23,38,78,139
2021_A15187,18,56,78,152
2022_A15188,64,37,82,183
2019_B15189,87,32,81,200
2022_B15190,35,23,59,117
2019_B15191,17,59,48,124
2022_C15192,10,48,93,151
2022_C15193,32,79,25,136
2019_C15194,69,74,80,223
2021_B15195,75,49,26,150
2022_A15196,85,54,91,230
2021_A15197,57,35,32,124
2021_C15198,40,53,74,167
2021_C15199,3,37,47,87
2021_A15200,22,19,40,81
2021_B15201,44,13,23,80
2019_A15202,74,78,69,221
2021_B15203,53,85,70,208
2019_A15204,60,74,23,157
2021_B15205,15,11,93,119
2021_C15206,32,20,24,76
2019_A15207,63,17,45,125
2022_A15208,7,42,59,108
2021_B15209,52,25,37,114
2021_A15210,21,75,75,171
2021_B15211,54,28,98,180
2022_B15212,45,31,64,140
2021_C15213,30,45,38,113
2022_A15214,78,34,63,175
2021_A15215,6,12,60,78
2022_B15216,26,78,86,190
2022_C15217,75,44,69,188
2021_A15218,34,92,85,211
2019_A15219,97,56,44,197
2021_C15220,97,97,28,222
2019_B15221,18,86,87,191
2022_A15222,95,56,36,187
2021_A15223,96,62,83,241
2022_B15224,72,69,97,238
2021_A15225,49,97,49,195
2022_C15226,76,85,68,229
2019_A15227,86,24,74,184
2022_C15228,38,84,49,171
2019_A15229,8,54,85,147
2019_C15230,45,59,31,135
2021_C15231,22,30,38,90
2021_C15232,33,57,98,188
2022_B15233,32,81,86,199
2021_C15234,15,83,42,140
2019_B15235,21,49,93,163
2019_B15236,26,80,27,133
2022_A15237,59,30,33,122
2019_C15238,3,19,66,88
2021_C15239,36,56,67,159
2021_B15240,21,37,58,116
2022_C15241,86,13,96,195
2019_A15242,19,76,96,191
2022_B15243,91,19,69,179
2021_A15244,41,76,71,188
2022_C15245,1,96,23,120
2019_B15246,26,47,41,114
2019_C15247,40,18,60,118
2022_C15248,81,55,85,221
2019_C15249,89,54,80,223
2021_B15250,16,74,34,124
2022_C15251,93,82,41,216
2019_C15252,44,74,55,173
2019_B15253,68,16,56,140
2021_A15254,16,66,31,113
2022_A15255,88,68,23,179
2022_C15256,8,16,86,110
2021_A15257,1,69,22,92
2021_C15258,57,89,60,206
2022_C15259,66,44,81,191
2022_A15260,90,68,84,242
2019_C15261,47,12,69,128
2021_B15262,88,17,43,148
2019_B15263,29,11,61,101
2021_C15264,67,70,33,170
2022_B15265,37,72,97,206
2021_C15266,84,92,80,256
2019_B15267,47,36,70,153
2019_B15268,79,54,25,158
2022_B15269,89,50,38,177
2022_C15270,9,56,37,102
2022_B15271,86,78,45,209
2019_A15272,36,70,44,150
2021_C15273,1,90,47,138
2019_C15274,4,89,70,163
2019_C15275,78,43,61,182
2019_C15276,29,56,38,123
2019_C15277,43,58,45,146
2022_A15278,86,94,30,210
2019_A15279,60,33,35,128
2021_A15280,78,86,92,256
2021_C15281,7,97,99,203
2022_B15282,53,85,31,169
2022_B15283,67,35,60,162
2022_B15284,92,91,39,222
2019_A15285,82,78,63,223
2021_B15286,8,18,82,108
2021_C15287,29,83,64,176
2021_A15288,79,79,92,250
2021_A15289,89,14,99,202
2022_B15290,16,34,80,130
2022_A15291,66,33,65,164
2022_A15292,21,19,32,72
2021_C15293,50,86,50,186
2019_C15294,36,55,91,182
2019_C15295,43,40,63,146
2019_C15296,76,17,97,190
2019_C15297,85,78,45,208
2019_B15298,49,80,71,200
2019_C15299,50,96,29,175
2019_C15300,53,14,38,105
2021_C15301,25,22,84,131
2019_A15302,83,81,78,242
2022_C15303,13,94,93,200
2022_A15304,53,28,36,117
2022_A15305,69,11,38,118
2019_A15306,21,33,84,138
2019_B15307,41,86,22,149
2021_B15308,63,54,61,178
2021_B15309,1,17,69,87
2019_C15310,55,93,93,241
2022_C15311,76,13,60,149
2022_C15312,55,86,40,181
2022_A15313,42,39,68,149
2019_B15314,26,80,82,188
2019_A15315,22,32,73,127
2022_A15316,13,64,90,167
2021_B15317,10,69,21,100
2022_A15318,24,45,28,97
2022_C15319,68,54,98,220
2019_A15320,14,21,63,98
2019_A15321,52,25,60,137
2021_B15322,13,67,46,126
2019_A15323,45,41,40,126
2019_B15324,74,96,72,242
2021_A15325,59,76,57,192
2021_B15326,6,72,84,162
2021_A15327,58,67,61,186
2019_C15328,71,61,48,180
2022_C15329,94,33,41,168
2022_A15330,84,70,56,210
2022_B15331,25,76,62,163
2022_A15332,77,76,74,227
2019_C15333,51,75,54,180
2022_C15334,39,13,70,122
2021_A15335,59,44,62,165
2022_B15336,71,57,49,177
2019_A15337,59,37,21,117
2019_B15338,38,71,88,197
2019_A15339,7,81,71,159
2019_A15340,3,25,28,56
2021_A15341,65,24,92,181
2019_B15342,31,19,32,82
2022_C15343,55,70,46,171
2019_A15344,49,64,95,208
2019_C15345,14,19,72,105
2019_A15346,94,88,86,268
2019_B15347,25,61,27,113
2019_B15348,22,27,33,82
2019_B15349,14,83,25,122
2022_B15350,90,77,80,247
2019_B15351,60,69,87,216
2019_B15352,19,74,76,169
2021_C15353,13,14,29,56
2021_A15354,56,85,42,183
2022_C15355,92,85,98,275
2021_A15356,35,40,50,125
2021_B15357,99,42,68,209
2021_C15358,85,29,51,165
2019_A15359,70,52,61,183
2021_C15360,16,32,52,100
2022_C15361,43,90,66,199
2022_A15362,75,62,78,215
2019_C15363,34,61,40,135
2022_B15364,2,74,87,163
2022_C15365,78,86,22,186
2019_C15366,11,72,41,124
2021_A15367,45,46,54,145
2019_C15368,30,70,71,171
2021_C15369,29,87,84,200
2022_C15370,51,44,73,168
2021_B15371,29,88,99,216
2019_C15372,54,87,35,176
2019_C15373,60,97,30,187
2019_A15374,84,36,99,219
2019_B15375,20,34,65,119
2019_B15376,48,40,40,128
2022_A15377,67,87,21,175
2021_B15378,35,49,46,130
2022_A15379,46,24,93,163
2019_C15380,36,65,65,166
2022_B15381,27,32,92,151
2021_B15382,20,78,76,174
2022_B15383,98,68,46,212
2021_B15384,60,34,67,161
2019_C15385,30,53,44,127
2021_B15386,94,22,38,154
2021_B15387,73,51,38,162
2022_A15388,14,57,86,157
2019_C15389,72,93,36,201
2021_A15390,26,92,32,150
2019_B15391,9,26,84,119
2019_B15392,78,93,33,204
2019_C15393,68,59,64,191
2019_C15394,93,57,65,215
2021_B15395,63,69,42,174
2021_B15396,4,49,72,125
2019_B15397,85,80,45,210
2019_A15398,13,85,48,146
2022_C15399,48,91,81,220
2019_C15400,16,46,38,100
2019_B15401,80,73,60,213
2019_B15402,26,74,62,162
2022_B15403,99,27,33,159
2021_C15404,39,44,96,179
2022_B15405,63,35,89,187
2019_A15406,40,16,28,84
2022_A15407,68,43,65,176
2022_A15408,41,13,50,104
2021_B15409,98,30,62,190
2019_A15410,45,76,71,192
2019_A15411,78,61,76,215
2022_A15412,0,14,42,56
2021_C15413,26,64,39,129
2021_A15414,64,93,74,231
2021_A15415,94,76,76,246
2022_C15416,61,29,37,127
2019_A15417,29,38,22,89
2021_C15418,92,46,25,163
2022_B15419,37,85,30,152
2019_B15420,60,77,26,163
2019_B15421,23,24,42,89
2021_C15422,66,84,42,192
2019_B15423,2,57,49,108
2022_A15424,23,50,82,155
2021_A15425,76,24,95,195
2021_C15426,56,44,90,190
2021_A15427,37,89,26,152
2019_C15428,100,70,46,216
2019_B15429,82,16,45,143
2021_B15430,0,72,78,150
2021_A15431,48,36,91,175
2019_C15432,88,17,85,190
2019_C15433,64,30,94,188
2022_C15434,37,13,45,95
2022_B15435,97,86,67,250
2021_B15436,88,31,93,212
2019_B15437,79,37,37,153
2019_B15438,49,18,38,105
2019_A15439,1,45,55,101
2022_B15440,76,42,75,193
2021_A15441,69,52,68,189
2019_A15442,87,83,70,240
2019_C15443,78,62,74,214
2022_A15444,33,33,81,147
2021_B15445,32,30,23,85
2019_C15446,71,72,59,202
2021_C15447,95,62,23,180
2019_C15448,72,65,45,182
2022_C15449,37,74,79,190
2021_A15450,7,91,98,196
2021_C15451,70,17,72,159
2021_C15452,6,76,24,106
2019_C15453,62,43,91,196
2021_C15454,7,31,81,119
2019_B15455,29,46,30,105
2019_B15456,38,76,55,169
2021_C15457,29,74,56,159
2022_C15458,16,31,96,143
2019_C15459,87,40,26,153
2021_A15460,25,25,76,126
2019_B15461,87,19,76,182
2021_A15462,11,18,99,128
2021_A15463,100,67,85,252
2022_A15464,84,79,71,234
2019_B15465,92,34,37,163
2021_A15466,43,40,86,169
2021_A15467,57,83,69,209
2022_B15468,85,34,95,214
2022_C15469,59,30,66,155
2019_C15470,91,95,24,210
2022_B15471,88,32,75,195
2022_C15472,62,89,52,203
2019_A15473,100,54,77,231
2022_B15474,22,66,27,115
2021_B15475,52,61,27,140
2021_C15476,41,57,83,181
2019_C15477,63,26,38,127
2019_B15478,23,24,96,143
2021_B15479,49,85,25,159
2021_B15480,58,20,61,139
2021_A15481,40,28,46,114
2022_C15482,96,35,95,226
2021_C15483,79,29,55,163
2019_C15484,30,47,71,148
2022_A15485,19,90,26,135
2021_B15486,28,36,28,92
2019_C15487,88,74,26,188
2021_A15488,65,57,37,159
2019_B15489,41,29,47,117
2021_A15490,91,41,90,222
2021_B15491,17,47,61,125
2021_C15492,40,50,66,156
2021_C15493,28,82,35,145
2022_C15494,23,45,91,159
2021_C15495,53,13,23,89
2019_B15496,49,20,42,111
2019_A15497,86,84,42,212
2019_C15498,93,17,61,171
2022_B15499,27,45,22,94
2022_C15500,20,64,95,179
2019_B15501,74,63,99,236
2022_C15502,84,19,28,131
2021_B15503,13,83,77,173
2019_C15504,4,63,48,115
2019_A15505,43,16,90,149
2019_A15506,65,86,87,238
2021_C15507,98,46,42,186
2019_C15508,73,32,94,199
2022_B15509,36,51,95,182
2022_A15510,89,56,93,238
2022_C15511,41,94,80,215
2021_B15512,1,20,82,103
2019_C15513,50,73,40,163
2019_C15514,20,88,40,148
2021_C15515,55,51,99,205
2021_C15516,42,92,94,228
2019_C15517,58,57,94,209
2019_A15518,29,30,95,154
2019_A15519,25,56,41,122
2019_B15520,41,76,30,147
2021_A15521,59,54,88,201
2021_C15522,3,29,50,82
2021_C15523,36,30,34,100
2022_B15524,16,58,69,143
2019_C15525,97,87,78,262
2022_A15526,1,67,88,156
2022_C15527,80,42,72,194
2021_B15528,46,19,24,89
2022_C15529,67,75,60,202
2019_C15530,96,68,23,187
2021_A15531,55,60,61,176
2019_C15532,89,71,52,212
2021_A15533,91,20,99,210
2021_C15534,62,88,45,195
2022_A15535,47,68,76,191
2021_A15536,81,45,81,207
2022_A15537,91,27,63,181
2019_A15538,60,32,32,124
2019_C15539,90,85,86,261
2019_B15540,82,76,44,202
2019_B15541,26,73,80,179
2021_A15542,70,63,48,181
2019_A15543,13,12,60,85
2022_B15544,67,25,64,156
2019_B15545,21,41,92,154
2021_A15546,32,78,65,175
2021_B15547,48,29,62,139
2019_B15548,67,80,59,206
2022_A15549,62,77,44,183
2022_B15550,6,26,22,54
2021_A15551,80,15,94,189
2021_C15552,75,40,64,179
2019_B15553,59,86,27,172
2019_C15554,92,79,34,205
2019_B15555,70,43,61,174
2022_B15556,26,85,82,193
2021_C15557,29,54,51,134
2021_A15558,98,66,70,234
2022_C15559,35,60,41,136
2022_B15560,45,45,98,188
2021_B15561,36,60,93,189
2019_C15562,13,35,26,74
2022_B15563,13,14,87,114
2022_A15564,89,69,67,225
2019_C15565,89,59,35,183
2019_C15566,10,71,84,165
2022_A15567,4,84,49,137
2022_A15568,73,81,55,209
2021_B15569,98,39,52,189
2019_B15570,34,75,66,175
2021_C15571,7,97,29,133
2021_A15572,32,48,46,126
2019_A15573,10,39,69,118
2022_B15574,2,60,87,149
2022_B15575,80,55,66,201
2022_B15576,56,52,75,183
2021_C15577,35,31,66,132
2019_A15578,48,59,88,195
2021_C15579,45,40,74,159
2022_A15580,71,49,63,183
2021_A15581,75,44,34,153
2019_B15582,65,64,32,161
2022_B15583,85,69,98,252
2022_A15584,99,81,79,259
2019_C15585,28,78,47,153
2019_B15586,67,90,26,183
2022_A15587,15,13,60,88
2019_A15588,12,53,69,134
2022_A15589,96,45,24,165
2021_B15590,75,52,23,150
2021_C15591,48,48,29,125
2021_C15592,31,36,82,149
2022_C15593,51,86,50,187
2021_C15594,35,88,66,189
2022_A15595,36,51,75,162
2021_A15596,81,53,67,201
2022_B15597,73,33,54,160
2019_A15598,10,70,23,103
2019_A15599,83,38,56,177
2019_A15600,96,31,40,167
2019_C15601,21,12,39,72
2021_C15602,9,76,85,170
2019_C15603,44,67,86,197
2019_B15604,77,84,65,226
2019_A15605,34,95,77,206
2022_A15606,25,71,82,178
2019_B15607,56,57,91,204
2019_C15608,1,48,43,92
2022_C15609,28,30,78,136
2019_A15610,16,68,50,134
2021_A15611,50,78,59,187
2019_A15612,46,63,64,173
2022_C15613,68,96,90,254
2021_B15614,1,92,80,173
2021_B15615,84,20,82,186
2019_A15616,13,32,36,81
2022_C15617,3,47,89,139
2022_A15618,4,75,98,177
2019_A15619,3,38,34,75
2021_A15620,82,79,91,252
2022_A15621,17,81,74,172
2019_A15622,48,95,39,182
2022_A15623,53,19,99,171
2019_C15624,72,59,94,225
2019_B15625,80,49,86,215
2021_A15626,75,53,42,170
2019_B15627,40,97,61,198
2021_B15628,97,47,86,230
2021_A15629,31,14,92,137
2019_A15630,81,28,46,155
2019_B15631,95,62,31,188
2021_C15632,78,53,22,153
2019_B15633,40,61,28,129
2019_C15634,60,20,22,102
2022_C15635,32,42,31,105
2021_B15636,77,30,32,139
2019_B15637,26,48,35,109
2022_A15638,6,71,42,119
2022_A15639,25,43,59,127
2019_C15640,34,93,40,167
2019_B15641,46,30,71,147
2021_C15642,62,39,54,155
2022_B15643,26,78,80,184
2022_B15644,80,55,55,190
2022_B15645,6,28,84,118
2022_B15646,65,23,89,177
2022_C15647,96,82,29,207
2019_C15648,19,40,98,157
2021_A15649,1,93,62,156
2022_A15650,70,18,33,121
2022_C15651,66,41,56,163
2021_A15652,86,50,79,215
2021_C15653,3,41,61,105
2022_C15654,45,80,97,222
2021_A15655,95,82,51,228
2021_C15656,94,87,73,254
2019_C15657,42,19,69,130
2019_B15658,8,96,52,156
2021_A15659,49,24,35,108
2019_B15660,43,64,58,165
2021_B15661,6,85,89,180
2022_C15662,40,80,85,205
2019_C15663,94,21,62,177
2019_A15664,20,39,82,141
2022_B15665,37,83,39,159
2021_B15666,3,18,60,81
2022_C15667,50,33,77,160
2022_A15668,32,35,89,156
2021_A15669,74,20,38,132
2021_B15670,4,14,99,117
2022_B15671,87,27,43,157
2022_C15672,24,18,70,112
2019_C15673,41,88,92,221
2019_A15674,83,96,70,249
2021_C15675,9,46,37,92
2019_C15676,0,31,70,101
2022_B15677,4,59,90,153
2019_B15678,58,72,33,163
2022_B15679,12,59,96,167
2019_C15680,58,20,96,174
2022_B15681,68,19,25,112
2021_A15682,36,81,31,148
2021_C15683,28,70,94,192
2022_B15684,89,88,94,271
2021_B15685,9,68,35,112
2021_B15686,73,85,43,201
2019_B15687,44,71,56,171
2022_B15688,21,83,93,197
2022_A15689,32,55,89,176
2021_B15690,55,71,21,147
2019_C15691,29,33,43,105
2021_C15692,23,70,73,166
2019_A15693,34,54,71,159
2021_A15694,69,47,94,210
2022_B15695,8,24,64,96
2022_C15696,78,32,53,163
2022_A15697,99,70,62,231
2022_C15698,72,84,55,211
2019_C15699,39,87,33,159
2021_A15700,49,65,70,184
2019_C15701,97,73,86,256
2021_B15702,97,88,92,277
2021_C15703,62,48,59,169
2019_C15704,54,33,83,170
2019_A15705,63,76,33,172
2022_C15706,70,76,45,191
2021_B15707,25,91,96,212
2019_C15708,28,97,32,157
2022_B15709,42,74,34,150
2021_B15710,0,21,92,113
2022_A15711,34,57,47,138
2019_B15712,74,12,72,158
2019_B15713,82,88,54,224
2021_B15714,93,73,28,194
2022_A15715,98,35,89,222
2022_B15716,16,59,84,159
2021_C15717,60,35,36,131
2022_C15718,59,81,94,234
2021_A15719,52,62,78,192
2019_C15720,70,58,85,213
2021_A15721,75,77,32,184
2019_B15722,69,14,27,110
2019_B15723,46,13,54,113
2019_B15724,11,70,94,175
2022_C15725,99,37,24,160
2022_B15726,86,13,31,130
2022_B15727,65,27,82,174
2019_A15728,0,23,47,70
2021_A15729,16,79,56,151
2022_B15730,51,15,97,163
2021_C15731,5,24,21,50
2022_B15732,1,23,33,57
2021_C15733,52,29,47,128
2022_B15734,61,50,25,136
2021_A15735,77,38,31,146
2022_C15736,39,85,53,177
2022_A15737,81,64,76,221
2019_A15738,18,87,49,154
2021_B15739,93,75,89,257
2021_C15740,69,30,84,183
2019_B15741,18,79,94,191
2021_C15742,63,32,24,119
2021_B15743,98,31,65,194
2021_C15744,31,49,91,171
2019_C15745,3,73,45,121
2021_A15746,29,30,31,90
2021_A15747,12,77,99,188
2019_C15748,46,27,95,168
2019_B15749,19,42,23,84
2021_A15750,56,43,50,149
2021_A15751,42,75,40,157
2019_C15752,60,22,69,151
2022_B15753,57,90,83,230
2022_A15754,37,23,68,128
2022_C15755,90,94,32,216
2022_B15756,93,79,50,222
2021_C15757,21,88,38,147
2019_B15758,11,79,46,136
2021_B15759,54,22,89,165
2019_B15760,43,49,63,155
2019_C15761,94,37,64,195
2019_B15762,37,69,85,191
2021_C15763,5,46,33,84
2022_C15764,32,27,47,106
2019_A15765,39,94,37,170
2021_A15766,70,56,63,189
2021_A15767,100,23,46,169
2021_C15768,99,24,25,148
2022_A15769,59,49,32,140
2021_C15770,75,67,33,175
2019_C15771,32,96,26,154
2019_C15772,92,75,95,262
2022_B15773,0,14,61,75
2021_C15774,42,49,56,147
2022_C15775,6,13,68,87
2022_C15776,28,14,40,82
2022_A15777,1,16,29,46
2022_B15778,35,93,35,163
2021_B15779,69,92,82,243
2019_C15780,11,82,49,142
2019_B15781,65,79,71,215
2019_C15782,57,58,87,202
2019_C15783,53,63,27,143
2021_A15784,64,28,27,119
2021_C15785,40,78,30,148
2019_C15786,15,83,95,193
2022_A15787,21,43,36,100
2021_B15788,79,54,47,180
2021_A15789,65,21,25,111
2019_C15790,75,96,60,231
2019_B15791,8,72,81,161
2022_B15792,41,64,84,189
2021_B15793,80,88,28,196
2022_B15794,11,93,22,126
2021_A15795,100,25,64,189
2019_C15796,84,41,72,197
2019_A15797,29,43,59,131
2021_B15798,48,77,44,169
2021_A15799,95,60,92,247
2022_A15800,65,29,60,154
2021_B15801,34,42,26,102
2019_A15802,72,55,88,215
2021_B15803,90,78,95,263
2021_C15804,50,92,88,230
2021_B15805,69,67,76,212
2021_C15806,84,95,63,242
2022_C15807,50,92,84,226
2019_C15808,77,23,38,138
2022_C15809,93,91,25,209
2021_B15810,2,20,92,114
2022_C15811,78,65,34,177
2021_A15812,37,77,59,173
2022_C15813,56,25,91,172
2021_C15814,50,18,66,134
2019_A15815,30,59,86,175
2019_C15816,24,13,60,97
2019_A15817,35,34,53,122
2021_B15818,22,77,21,120
2021_C15819,37,97,88,222
2021_B15820,77,94,55,226
2021_C15821,90,39,47,176
2019_B15822,97,61,36,194
2022_C15823,36,90,72,198
2022_C15824,95,93,22,210
2021_B15825,46,81,64,191
2022_B15826,92,91,93,276
2019_A15827,4,85,74,163
2019_A15828,20,81,99,200
2019_A15829,76,75,90,241
2022_A15830,85,82,36,203
2022_A15831,80,44,96,220
2019_A15832,74,32,89,195
2022_B15833,41,21,32,94
2022_A15834,16,33,74,123
2021_B15835,53,18,58,129
2022_C15836,100,54,42,196
2019_C15837,84,19,51,154
2021_B15838,6,68,36,110
2022_B15839,12,47,39,98
2022_A15840,78,78,64,220
2019_A15841,18,28,84,130
2021_B15842,93,44,37,174
2022_B15843,23,90,57,170
2019_C15844,50,20,21,91
2022_A15845,66,24,95,185
2021_A15846,17,52,92,161
2019_B15847,8,69,44,121
2019_C15848,28,59,36,123
2022_B15849,4,78,88,170
2021_C15850,90,15,95,200
2021_C15851,66,27,47,140
2022_B15852,93,61,73,227
2019_B15853,53,55,22,130
2019_C15854,31,64,40,135
2021_C15855,47,96,23,166
2022_C15856,95,60,32,187
2019_B15857,79,43,90,212
2019_A15858,49,97,65,211
2019_B15859,48,90,83,221
2021_C15860,13,26,24,63
2022_A15861,85,70,21,176
2022_C15862,2,72,65,139
2019_B15863,46,41,51,138
2021_B15864,97,54,50,201
2019_C15865,91,18,71,180
2019_C15866,69,41,60,170
2022_B15867,77,29,76,182
2019_A15868,38,35,49,122
2022_A15869,12,40,38,90
2022_A15870,92,31,23,146
2019_B15871,23,26,67,116
2022_A15872,19,57,41,117
2021_A15873,20,59,93,172
2022_B15874,4,45,84,133
2021_C15875,30,43,57,130
2019_B15876,47,13,53,113
2022_A15877,87,56,22,165
2019_C15878,64,61,92,217
2021_C15879,76,31,67,174
2019_C15880,61,78,46,185
2021_C15881,33,93,69,195
2022_B15882,0,12,97,109
2019_A15883,18,78,21,117
2022_B15884,28,53,79,160
2021_A15885,31,75,44,150
2022_A15886,31,44,50,125
2021_B15887,27,61,36,124
2022_B15888,49,94,86,229
2019_C15889,70,15,87,172
2022_A15890,80,48,58,186
2021_A15891,30,76,95,201
2021_A15892,48,92,55,195
2019_B15893,44,65,84,193
2022_C15894,1,45,32,78
2019_A15895,100,29,94,223
2022_B15896,10,28,74,112
2021_B15897,33,22,77,132
2021_B15898,66,82,58,206
2021_B15899,56,67,78,201
2022_A15900,30,96,46,172
2019_A15901,92,42,61,195
2019_B15902,42,15,54,111
2019_A15903,36,61,79,176
2019_C15904,34,86,69,189
2022_C15905,45,46,26,117
2022_B15906,27,38,71,136
2019_B15907,13,13,22,48
2019_B15908,71,83,60,214
2022_A15909,92,89,38,219
2019_A15910,1,87,25,113
2022_A15911,22,29,66,117
2022_B15912,24,93,58,175
2019_C15913,64,37,64,165
2022_A15914,7,96,93,196
2021_C15915,75,39,55,169
2022_B15916,100,92,79,271
2019_B15917,89,45,98,232
2021_A15918,44,53,49,146
2021_B15919,72,67,94,233
2022_B15920,24,53,53,130
2019_C15921,33,73,55,161
2021_A15922,1,97,41,139
2022_A15923,7,97,73,177
2021_C15924,12,19,24,55
2022_B15925,9,15,57,81
2019_C15926,23,84,22,129
2019_B15927,60,19,99,178
2022_A15928,28,84,49,161
2019_A15929,64,58,56,178
2021_A15930,29,75,25,129
2022_C15931,89,82,32,203
2022_B15932,14,73,29,116
2019_A15933,0,36,61,97
2022_A15934,56,36,69,161
2021_B15935,48,65,87,200
2019_A15936,7,37,48,92
2019_B15937,87,66,91,244
2021_A15938,88,50,98,236
2021_B15939,88,31,94,213
2021_A15940,73,73,43,189
2021_C15941,94,90,36,220
2019_C15942,68,15,81,164
2022_A15943,45,15,22,82
2021_A15944,36,97,70,203
2022_A15945,83,41,51,175
2021_C15946,60,75,37,172
2021_A15947,42,21,95,158
2022_A15948,25,63,35,123
2022_C15949,22,84,45,151
2019_C15950,32,81,59,172
2021_A15951,10,55,71,136
2022_C15952,23,86,96,205
2021_A15953,33,76,36,145
2022_C15954,20,69,92,181
2019_B15955,57,48,77,182
2019_A15956,21,84,28,133
2021_B15957,88,73,45,206
2022_A15958,24,84,38,146
2019_C15959,26,32,22,80
2019_B15960,30,51,69,150
2021_C15961,40,44,64,148
2021_A15962,43,95,50,188
2019_A15963,12,18,32,62
2022_B15964,60,27,96,183
2021_A15965,39,46,76,161
2021_B15966,56,60,30,146
2022_C15967,64,25,60,149
2021_B15968,5,42,37,84
2021_C15969,97,58,83,238
2021_B15970,9,19,45,73
2021_C15971,99,79,42,220
2019_C15972,81,91,29,201
2021_A15973,39,78,83,200
2019_C15974,83,78,68,229
2019_B15975,71,36,28,135
2022_A15976,95,50,30,175
2019_C15977,81,64,28,173
2019_C15978,88,46,25,159
2019_A15979,85,31,88,204
2021_C15980,72,91,54,217
2022_A15981,30,15,42,87
2019_C15982,38,76,73,187
2019_C15983,0,12,33,45
2021_B15984,32,81,34,147
2019_B15985,36,92,35,163
2022_A15986,58,54,92,204
2022_A15987,34,81,48,163
2021_C15988,16,65,99,180
2021_C15989,7,69,28,104
2022_C15990,19,26,35,80
2022_A15991,14,23,67,104
2022_C15992,60,78,90,228
2021_C15993,18,19,70,107
2019_A15994,42,51,30,123
2019_B15995,50,19,83,152
2022_B15996,51,85,84,220
2021_B15997,35,45,57,137
2021_B15998,60,85,54,199
2021_B15999,54,26,31,111
2021_C16000,16,52,67,135
2021_C16001,28,95,57,180
2021_C16002,99,61,39,199
2022_C16003,61,34,47,142
2019_B16004,17,75,64,156
2022_A16005,96,41,32,169
2022_B16006,3,71,25,99
2021_A16007,87,39,70,196
2019_C16008,34,55,72,161
2021_B16009,60,81,83,224
2019_B16010,71,64,98,233
2019_A16011,72,18,97,187
2019_C16012,45,20,77,142
2019_C16013,21,80,75,176
2022_A16014,82,42,70,194
2021_A16015,46,80,73,199
2022_A16016,1,90,72,163
2022_A16017,81,18,41,140
2019_C16018,55,53,87,195
2019_B16019,62,54,22,138
2022_B16020,84,91,88,263
2021_A16021,92,72,99,263
2021_C16022,74,75,34,183
2021_A16023,12,85,70,167
2022_A16024,5,97,51,153
2021_B16025,50,59,45,154
2022_A16026,2,32,91,125
2021_B16027,11,55,29,95
2021_C16028,100,82,91,273
2021_B16029,46,63,55,164
2021_C16030,17,78,75,170
2021_B16031,95,46,80,221
2019_A16032,62,34,73,169
2021_C16033,20,80,65,165
2019_B16034,11,45,54,110
2022_C16035,67,92,96,255
2021_B16036,55,47,50,152
2019_A16037,99,17,55,171
2019_B16038,72,88,61,221
2022_B16039,79,90,66,235
2022_A16040,20,82,36,138
2022_A16041,1,53,83,137
2021_B16042,47,52,49,148
2022_C16043,49,62,75,186
2019_A16044,99,17,46,162
2019_C16045,99,96,59,254
2021_C16046,6,41,23,70
2022_C16047,10,42,25,77
2022_B16048,16,20,83,119
2019_B16049,60,86,31,177
2021_C16050,74,39,60,173
2022_A16051,43,42,79,164
2022_A16052,24,67,70,161
2019_C16053,81,76,54,211
2019_B16054,99,54,88,241
2022_A16055,28,93,74,195
2022_A16056,11,73,55,139
2022_B16057,95,17,91,203
2022_C16058,69,54,36,159
2021_C16059,71,43,52,166
2022_B16060,44,72,45,161
2019_A16061,12,53,42,107
2019_B16062,86,24,25,135
2021_B16063,33,74,73,180
2022_C16064,32,50,33,115
2019_B16065,79,47,42,168
2019_B16066,86,67,88,241
2019_B16067,28,22,67,117
2021_A16068,71,31,71,173
2019_A16069,75,78,43,196
2022_A16070,74,48,29,151
2019_B16071,35,92,52,179
2019_C16072,96,72,40,208
2022_C16073,5,71,62,138
2021_B16074,98,97,57,252
2021_A16075,40,51,74,165
2019_C16076,98,38,31,167
2019_A16077,60,42,56,158
2022_C16078,93,32,79,204
2022_B16079,53,20,66,139
2022_B16080,0,44,46,90
2019_A16081,55,95,45,195
2021_C16082,22,48,96,166
2022_C16083,33,32,55,120
2021_C16084,86,18,53,157
2021_A16085,94,78,31,203
2022_B16086,79,45,74,198
2019_B16087,52,59,97,208
2021_A16088,76,54,80,210
2021_A16089,10,87,40,137
2021_C16090,37,35,60,132
2019_A16091,32,32,48,112
2022_C16092,97,97,87,281
2019_C16093,95,74,97,266
2021_B16094,94,74,22,190
2022_C16095,84,69,33,186
2019_C16096,37,55,85,177
2022_C16097,84,73,37,194
2022_C16098,0,43,60,103
2021_C16099,25,49,84,158
2019_C16100,57,58,41,156
2022_C16101,63,50,89,202
2021_A16102,52,19,82,153
2021_B16103,92,79,54,225
2021_B16104,32,73,39,144
2019_A16105,38,96,85,219
2021_A16106,50,51,35,136
2022_B16107,84,88,82,254
2022_A16108,10,75,45,130
2021_C16109,76,64,68,208
2021_A16110,61,44,77,182
2019_A16111,89,62,92,243
2022_B16112,89,59,35,183
2021_A16113,58,66,56,180
2019_B16114,15,39,54,108
2021_B16115,57,70,96,223
2021_B16116,51,75,52,178
2019_C16117,25,12,41,78
2021_A16118,64,47,32,143
2021_A16119,4,64,98,166
2022_C16120,10,44,25,79
2019_C16121,79,30,47,156
2021_C16122,21,22,77,120
2022_C16123,84,82,43,209
2022_C16124,29,24,87,140
2021_B16125,22,68,47,137
2021_A16126,100,23,21,144
2019_A16127,96,96,92,284
2019_A16128,38,72,46,156
2022_B16129,62,36,40,138
2022_B16130,80,79,68,227
2021_B16131,61,73,43,177
2019_C16132,64,54,61,179
2019_C16133,53,38,97,188
2021_B16134,30,46,57,133
2021_B16135,99,21,39,159
2019_A16136,62,70,32,164
2019_B16137,67,39,90,196
2019_B16138,43,18,44,105
2022_B16139,82,62,64,208
2022_B16140,36,43,35,114
2019_A16141,58,12,92,162
2019_C16142,29,39,77,145
2019_C16143,34,36,86,156
2022_B16144,98,27,75,200
2022_C16145,8,52,68,128
2021_B16146,82,71,62,215
2021_A16147,67,71,87,225
2021_A16148,88,18,23,129
2022_B16149,93,57,96,246
2022_B16150,85,17,46,148
2022_A16151,82,28,71,181
2022_C16152,55,90,76,221
2021_B16153,38,50,59,147
2019_C16154,60,48,97,205
2021_A16155,38,13,90,141
2019_B16156,29,97,49,175
2022_B16157,13,44,67,124
2019_A16158,85,85,89,259
2019_C16159,35,15,38,88
2021_A16160,33,28,31,92
2019_C16161,17,41,31,89
2021_A16162,42,24,27,93
2022_A16163,63,88,23,174
2019_B16164,46,76,79,201
2019_B16165,72,54,54,180
2019_C16166,49,47,57,153
2019_B16167,19,52,94,165
2019_C16168,16,79,58,153
2022_A16169,40,96,50,186
2021_A16170,31,36,46,113
2021_A16171,100,39,60,199
2022_C16172,82,80,44,206
2019_C16173,31,15,39,85
2021_A16174,29,83,23,135
2019_A16175,34,60,87,181
2022_B16176,66,56,77,199
2021_B16177,3,58,89,150
2021_C16178,39,21,37,97
2021_A16179,37,26,61,124
2019_B16180,6,80,55,141
2021_B16181,74,35,49,158
2021_C16182,9,24,83,116
2021_A16183,48,97,32,177
2022_B16184,81,28,32,141
2019_C16185,79,94,68,241
2021_C16186,58,17,98,173
2021_A16187,88,63,47,198
2022_A16188,38,35,57,130
2021_C16189,38,68,39,145
2019_B16190,69,52,42,163
2019_B16191,6,66,36,108
2021_C16192,0,52,60,112
2022_B16193,34,33,79,146
2021_B16194,75,83,29,187
2021_C16195,98,46,41,185
2021_B16196,3,21,69,93
2022_A16197,9,52,88,149
2022_B16198,2,83,49,134
2022_A16199,51,63,72,186
2022_C16200,93,34,43,170
2022_C16201,71,61,61,193
2022_B16202,0,43,74,117
2019_C16203,50,35,43,128
2021_A16204,64,45,96,205
2021_B16205,88,70,54,212
2021_C16206,91,58,46,195
2019_A16207,96,48,30,174
2022_A16208,3,78,54,135
2019_A16209,73,23,23,119
2022_C16210,68,26,39,133
2021_B16211,62,20,92,174
2022_B16212,92,41,23,156
2021_A16213,14,67,86,167
2022_C16214,18,90,81,189
2019_A16215,74,85,66,225
2022_A16216,37,63,73,173
2021_C16217,40,16,79,135
2022_B16218,85,35,87,207
2021_C16219,82,65,62,209
2019_A16220,12,29,50,91
2019_B16221,90,30,26,146
2021_A16222,46,71,75,192
2021_B16223,60,85,92,237
2021_C16224,100,95,70,265
2022_A16225,19,74,88,181
2022_C16226,12,14,97,123
2021_C16227,84,45,38,167
2019_A16228,9,47,38,94
2019_B16229,55,71,79,205
2019_C16230,82,49,68,199
2022_C16231,49,42,99,190
2022_A16232,93,29,78,200
2022_B16233,69,48,26,143
2021_B16234,13,90,80,183
2019_C16235,5,15,26,46
2019_A16236,29,37,64,130
2021_C16237,88,40,98,226
2022_C16238,57,37,92,186
2022_B16239,51,92,23,166
2022_C16240,8,31,90,129
2019_A16241,74,93,21,188
2021_B16242,99,42,74,215
2021_A16243,93,55,94,242
2021_B16244,50,30,65,145
2021_B16245,96,68,38,202
2022_C16246,13,89,67,169
2021_C16247,17,17,73,107
2021_C16248,20,25,81,126
2022_A16249,19,31,85,135
2021_C16250,10,83,87,180
2021_B16251,86,17,62,165
2019_A11460,75,71,69,215
2021_B11461,80,83,59,222
2021_C11462,89,67,67,223
2022_B11463,97,75,39,211
2019_A11464,75,88,36,199
2022_C11465,93,74,70,237
2022_C11466,92,68,50,210
2022_B11467,94,60,62,216
2021_A11468,94,75,73,242
2019_A11469,76,94,53,223
2022_C11470,72,77,50,199
2019_C11471,91,82,72,245
2019_A11472,95,85,76,256
2022_C11473,76,92,46,214
2021_B11474,72,47,47,166
2019_B11475,71,86,65,222
2021_B11476,72,53,49,174
2021_B11477,73,75,60,208
2021_B11478,91,73,51,215
2021_B11479,74,73,65,212
2021_A11480,94,80,73,247
2022_C11481,90,92,37,219
2022_C11482,84,90,54,228
2019_C11483,82,86,40,208
2021_A11484,89,87,40,216
2021_C11485,84,96,36,216
2019_C11486,82,48,45,175
2022_B11487,87,87,53,227
2021_A11488,72,77,48,197
2021_A11489,77,78,68,223
2019_C11490,86,54,72,212
2022_C11491,97,79,47,223
2022_C11492,79,56,76,211
2021_C11493,71,70,42,183
2022_A11494,96,84,65,245
2022_C11495,89,75,66,230
2021_B11496,72,48,40,160
2019_C11497,93,82,40,215
2022_B11498,92,53,57,202
2022_C11499,77,46,75,198
2021_A11500,78,79,44,201
2019_A11501,84,76,38,198
2019_C11502,78,71,51,200
2022_A11503,96,90,63,249
2021_C11504,84,85,68,237
2022_C11505,77,64,39,180
2019_C11506,96,50,38,184
2021_C11507,73,62,51,186
2019_B11508,95,96,63,254
2019_B11509,89,69,37,195
2022_A11510,75,72,71,218
2021_A11511,84,94,74,252
2019_C11512,83,51,66,200
2022_A11513,74,92,62,228
2019_B11514,73,86,72,231
2021_B11515,94,53,60,207
2021_B11516,78,74,70,222
2021_A11517,91,63,51,205
2019_C11518,76,96,55,227
2021_B11519,92,68,77,237
2021_B11520,90,86,48,224
2022_A11521,80,73,40,193
2019_C11522,84,60,62,206
2022_A11523,83,72,75,230
2022_C11524,84,86,53,223
2019_B11525,97,74,55,226
2022_B11526,77,90,39,206
2021_C11527,89,62,45,196
2021_A11528,84,94,75,253
2021_A11529,89,48,37,174
2021_B11530,83,77,79,239
2021_B11531,82,79,37,198
2022_B11532,71,66,53,190
2019_A11533,93,50,49,192
2021_C11534,72,77,75,224
2021_C11535,84,48,77,209
2019_A11536,72,45,51,168
2019_C11537,84,54,64,202
2019_B11538,81,58,62,201
2021_A11539,89,77,37,203
2022_B11540,75,95,65,235
2022_A11541,82,51,35,168
2019_B11542,95,56,59,210
2022_C11543,93,93,38,224
2021_A11544,72,78,58,208
2022_A11545,76,91,66,233
2022_C11546,81,49,51,181
2019_C11547,82,50,45,177
2021_C11548,90,49,61,200
2022_C11549,97,78,73,248
2021_A11550,91,57,75,223
2019_A11551,91,74,65,230
2019_A11552,90,56,47,193
2021_B11553,95,55,52,202
2022_A11554,88,71,49,208
2021_B11555,81,68,44,193
2019_C11556,72,75,71,218
2022_B11557,91,86,41,218
2021_C11558,93,72,50,215
2022_C11559,92,68,58,218
2021_B11560,90,52,58,200
2019_A11561,79,91,49,219
2019_B11562,85,59,43,187
2022_A11563,77,60,76,213
2019_C11564,77,87,55,219
2021_A11565,79,95,54,228
2022_A11566,83,84,68,235
2019_A11567,86,77,39,202
2022_C11568,89,76,37,202
2021_C11569,97,67,65,229
2022_B11570,77,88,39,204
2019_A11571,93,90,37,220
2019_B11572,76,64,74,214
2021_A11573,72,74,74,220
2021_A11574,81,86,51,218
2021_B11575,82,71,41,194
2021_A11576,95,75,40,210
2022_A11577,96,94,41,231
2019_A11578,83,59,45,187
2019_A11579,71,70,37,178
2021_A11580,89,47,45,181
2019_B11581,91,66,41,198
2022_B11582,83,81,46,210
2019_A11583,89,88,51,228
2022_B11584,90,80,39,209
2022_A11585,80,90,49,219
2021_B11586,92,78,43,213
2022_C11587,74,63,39,176
2022_C11588,96,68,69,233
2021_A11589,90,45,45,180
2022_B11590,79,80,41,200
2019_C11591,87,85,39,211
2022_B11592,71,88,35,194
2021_A11593,86,59,45,190
2019_C11594,73,70,57,200
2022_B11595,73,95,65,233
2022_C11596,73,90,60,223
2019_B11597,95,69,72,236
2021_A11598,76,59,52,187
2019_B11599,80,87,47,214
2022_A11600,90,63,68,221
2019_A11601,75,95,48,218
2019_A11602,81,52,36,169
2022_C11603,82,85,38,205
2019_C11604,93,94,40,227
2022_A11605,97,79,70,246
2021_B11606,89,64,35,188
2021_B11607,86,55,69,210
2021_A11608,79,61,62,202
2019_A11609,95,47,53,195
2022_B11610,89,72,77,238
2019_B11611,74,89,47,210
2019_A11612,93,81,68,242
2022_A11613,80,49,79,208
2022_A11614,96,53,41,190
2022_B11615,92,84,71,247
2022_B11616,96,92,41,229
2019_A11617,92,71,39,202
2019_B11618,96,58,52,206
2021_B11619,96,75,53,224
2021_A11620,95,67,45,207
2021_A11621,79,89,79,247
2019_C11622,71,77,37,185
2022_A11623,95,96,54,245
2022_B11624,83,50,75,208
2022_C11625,97,83,35,215
2022_C11626,81,59,39,179
2021_A11627,90,77,37,204
2019_B11628,87,80,60,227
2021_C11629,78,92,77,247
2019_B11630,83,56,40,179
2021_B11631,85,63,67,215
2021_B11632,97,92,39,228
2019_A11633,76,72,54,202
2021_B11634,72,64,64,200
2022_C11635,96,68,76,240
2019_A11636,92,70,44,206
2022_B11637,93,57,48,198
2022_A11638,88,77,42,207
2019_B11639,73,79,62,214
2021_B11640,97,73,64,234
2021_C11641,71,75,48,194
2022_C11642,89,85,79,253
2022_C11643,90,86,78,254
2021_B11644,72,55,65,192
2021_A11645,88,91,59,238
2022_A11646,83,84,39,206
2022_C11647,80,49,58,187
2021_A11648,97,54,52,203
2022_B11649,71,85,42,198
2022_B11650,79,69,58,206
2019_A11651,76,63,63,202
2021_B11652,79,60,74,213
2019_B11653,81,76,71,228
2022_B11654,71,86,61,218
2021_B11655,89,82,70,241
2019_B11656,95,53,52,200
2022_B11657,83,63,67,213
2021_C11658,78,90,50,218
2022_B11659,93,92,42,227
2021_A11660,77,88,77,242
2019_B11661,87,55,48,190
2019_A11662,91,76,44,211
2021_B11663,83,79,43,205
2021_B11664,95,88,64,247
2019_B11665,90,60,56,206
2019_B11666,77,63,43,183
2019_A11667,97,96,53,246
2019_C11668,87,94,42,223
2021_B11669,78,91,63,232
2019_B11670,82,45,64,191
2022_B11671,77,86,73,236
2019_C11672,75,65,78,218
2022_A11673,78,63,40,181
2022_A11674,91,61,57,209
2019_B11675,79,82,62,223
2022_C11676,85,46,62,193
2022_B11677,83,89,75,247
2019_B11678,95,82,65,242
2021_A11679,96,80,75,251
2019_C11680,80,58,39,177
2022_B11681,92,96,66,254
2019_B11682,96,96,69,261
2021_B11683,79,53,48,180
2019_A11684,93,65,45,203
2021_B11685,89,77,49,215
2022_C11686,89,64,38,191
2019_C11687,92,56,53,201
2019_A11688,79,73,38,190
2019_A11689,91,69,78,238
2021_B11690,76,90,38,204
2019_C11691,77,70,67,214
2021_A11692,93,64,70,227
2021_C11693,82,53,68,203
2021_B11694,79,58,35,172
2019_C11695,80,88,70,238
2022_A11696,96,92,77,265
2022_C11697,81,65,79,225
2019_C11698,85,52,59,196
2022_B11699,75,55,42,172
2021_B11700,94,48,59,201
2019_C11701,87,82,40,209
2021_A11702,94,60,69,223
2021_A11703,71,45,60,176
2022_C11704,72,91,63,226
2019_C11705,74,58,66,198
2019_B11706,86,54,43,183
2021_A11707,87,55,70,212
2022_A11708,79,83,52,214
2021_B11709,96,86,54,236
2019_C11710,86,55,38,179
2022_A11711,71,84,52,207
2022_C11712,71,84,72,227
2021_A11713,77,57,36,170
2022_A11714,90,49,72,211
2021_A11715,81,75,75,231
2022_B11716,80,66,43,189
2019_B11717,94,90,50,234
2019_A11718,85,56,43,184
2022_C11719,85,48,72,205
2021_B11720,93,76,43,212
2022_B11721,73,62,75,210
2019_B11722,96,60,68,224
2019_C11723,93,72,72,237
2019_C11724,97,67,58,222
2021_C11725,97,70,38,205
2022_B11726,92,94,47,233
2022_C11727,77,62,73,212
2021_B11728,93,59,60,212
2021_A11729,86,65,50,201
2022_A11730,94,94,68,256
2021_A11731,97,46,70,213
2019_C11732,95,45,71,211
2021_B11733,84,92,67,243
2019_C11734,87,78,73,238
2021_C11735,72,52,70,194
2021_B11736,78,55,54,187
2022_B11737,85,84,75,244
2019_B11738,87,66,68,221
2022_B11739,82,94,67,243
2022_C11740,92,46,58,196
2022_C11741,90,66,67,223
2021_C11742,89,86,45,220
2021_A11743,73,85,41,199
2021_B11744,81,58,43,182
2019_C11745,94,87,39,220
2021_B11746,82,83,52,217
2021_C11747,85,61,44,190
2021_C11748,93,65,65,223
2019_B11749,82,81,50,213
2022_B11750,79,91,75,245
2021_A11751,85,60,36,181
2021_A11752,79,79,47,205
2019_C11753,76,67,58,201
2021_A11754,76,93,59,228
2022_B11755,86,89,64,239
2019_C11756,82,67,51,200
2019_C11757,91,87,63,241
2022_A11758,76,89,48,213
2022_A11759,91,64,73,228
2022_A11760,88,94,45,227
2021_B11761,76,83,53,212
2021_A11762,93,59,53,205
2019_A11763,88,48,46,182
2019_A11764,95,93,52,240
2019_A11765,91,77,62,230
2022_A11766,90,87,42,219
2021_A11767,77,91,56,224
2021_B11768,83,81,48,212
2021_A11769,92,91,74,257
2022_B11770,82,51,65,198
2019_A11771,92,74,69,235
2021_A11772,73,79,54,206
2022_B11773,97,68,59,224
2021_A11774,74,45,50,169
2019_B11775,76,68,60,204
2022_C11776,95,49,42,186
2022_B11777,88,65,37,190
2019_B11778,81,79,54,214
2021_B11779,75,89,37,201
2021_B11780,87,61,56,204
2021_A11781,87,64,65,216
2022_C11782,88,53,64,205
2019_A11783,76,79,71,226
2022_B11784,71,66,58,195
2022_A11785,79,94,60,233
2022_B11786,97,77,71,245
2019_A11787,75,92,78,245
2021_A11788,89,78,67,234
2021_B11789,96,45,63,204
2019_C11790,73,81,50,204
2019_A11791,74,50,35,159
2022_A11792,74,75,72,221
2022_A11793,83,66,38,187
2019_C11794,80,78,57,215
2022_C11795,82,79,38,199
2019_A11796,82,71,45,198
2019_C11797,93,58,54,205
2022_C11798,96,57,53,206
2021_B11799,92,73,70,235
2022_C11800,74,54,65,193
2021_B11801,89,90,77,256
2021_A11802,76,45,51,172
2021_B11803,79,61,67,207
2021_C11804,83,51,53,187
2022_B11805,78,62,41,181
2022_A11806,71,66,37,174
2019_C11807,83,70,62,215
2021_A11808,90,60,75,225
2022_C11809,79,55,77,211
2021_B11810,94,76,50,220
2019_B11811,79,96,52,227
2021_B11812,91,84,44,219
2019_C11813,84,87,67,238
2021_B11814,88,93,75,256
2022_A11815,94,64,49,207
2021_C11816,81,53,52,186
2021_A11817,97,65,78,240
2022_C11818,74,70,51,195
2019_B11819,72,50,67,189
2019_C11820,78,59,47,184
2021_A11821,84,91,66,241
2021_B11822,90,74,77,241
2022_B11823,96,89,63,248
2019_B11824,78,47,62,187
2021_B11825,94,75,76,245
2022_A11826,82,81,59,222
2022_C11827,73,80,37,190
2022_B11828,82,53,42,177
2022_A11829,83,54,60,197
2022_A11830,79,87,38,204
2019_A11831,87,73,35,195
2021_C11832,91,96,74,261
2021_A11833,87,64,58,209
2021_B11834,97,63,41,201
2021_C11835,79,72,63,214
2019_C11836,88,51,59,198
2022_A11837,97,96,45,238
2022_C11838,74,62,67,203
2021_C11839,75,69,72,216
2022_B11840,86,49,57,192
2021_A11841,76,64,51,191
2021_B11842,94,69,43,206
2019_B11843,73,46,71,190
2022_C11844,78,65,63,206
2022_C11845,97,67,62,226
2022_B11846,74,92,77,243
2019_B11847,95,54,73,222
2022_B11848,88,96,60,244
2022_C11849,77,81,39,197
2019_C11850,95,77,36,208
2019_B11851,78,91,47,216
2022_B11852,79,68,77,224
2021_C11853,94,81,55,230
2021_B11854,96,72,38,206
2022_B11855,91,87,46,224
2022_C11856,78,73,63,214
2022_A11857,97,55,51,203
2021_C11858,89,81,77,247
2019_B11859,82,83,41,206
2021_A11860,76,85,44,205
2019_A11861,93,79,42,214
2019_A11862,94,55,43,192
2022_A11863,95,94,65,254
2019_B11864,96,82,44,222
2021_A11865,93,85,70,248
2021_C11866,78,47,68,193
2022_B11867,73,54,42,169
2019_B11868,85,48,38,171
2021_C11869,88,77,61,226
2021_A11870,87,51,61,199
2022_B11871,83,90,41,214
2022_B11872,78,85,62,225
2019_C11873,80,92,42,214
2019_B11874,75,48,47,170
2019_C11875,82,49,66,197
2022_B11876,93,58,55,206
2021_C11877,86,90,36,212
2019_C11878,79,76,38,193
2021_A11879,78,93,54,225
2019_C11880,77,86,71,234
2019_A11881,96,66,70,232
2021_A11882,91,83,37,211
2019_B11883,74,58,69,201
2019_C11884,71,79,70,220
2019_C11885,84,68,76,228
2022_C11886,87,87,69,243
2021_B11887,74,52,36,162
2019_B11888,74,77,76,227
2021_C11889,80,72,47,199
2022_C11890,85,81,55,221
2021_A11891,86,72,53,211
2021_C11892,93,45,75,213
2019_C11893,78,89,70,237
2022_B11894,92,49,79,220
2022_C11895,88,55,44,187
2022_B11896,94,82,72,248
2022_B11897,85,66,62,213
2022_A11898,74,73,63,210
2019_A11899,80,50,40,170
2022_A11900,72,89,57,218
2019_B11901,88,45,46,179
2019_A11902,88,74,62,224
2019_B11903,72,72,64,208
2022_B11904,83,64,64,211
2022_C11905,90,51,58,199
2021_C11906,95,65,44,204
2022_C11907,93,53,48,194
2021_A11908,96,52,36,184
2022_A11909,95,96,42,233
2019_A11910,97,68,45,210
2021_A11911,85,64,43,192
2019_A11912,95,73,44,212
2022_B11913,80,76,68,224
2019_A11914,71,83,70,224
2022_A11915,84,78,45,207
2021_B11916,80,53,60,193
2021_B11917,91,63,57,211
2019_C11918,71,69,52,192
2021_A11919,87,93,79,259
2022_B11920,90,71,57,218
2021_C11921,95,96,53,244
2021_C11922,76,53,58,187
2019_B11923,79,92,59,230
2022_C11924,95,77,75,247
2019_C11925,87,64,72,223
2019_B11926,73,77,71,221
2021_B11927,91,80,78,249
2022_B11928,85,81,35,201
2022_C11929,85,65,58,208
2021_B11930,72,47,41,160
2021_B11931,94,77,62,233
2019_C11932,95,92,77,264
2021_B11933,77,84,56,217
2019_C11934,81,69,72,222
2022_A11935,90,67,64,221
2022_A11936,96,72,65,233
2021_B11937,97,91,59,247
2021_C11938,76,82,62,220
2019_A11939,82,52,39,173
2022_C11940,94,94,45,233
2021_B11941,78,92,63,233
2021_B11942,72,87,52,211
2022_B11943,89,82,51,222
2019_B11944,89,57,47,193
2021_B11945,96,63,50,209
2021_A11946,83,70,66,219
2019_A11947,75,80,55,210
2021_C11948,77,57,57,191
2019_C11949,78,69,53,200
2022_C11950,94,85,72,251
2019_C11951,91,53,65,209
2021_A11952,96,93,38,227
2019_B11953,91,77,42,210
2022_B11954,82,92,64,238
2022_C11955,82,50,79,211
2022_B11956,92,49,74,215
2019_B11957,77,82,35,194
2021_C11958,91,78,73,242
2021_B11959,71,49,75,195
2019_C11960,74,67,55,196
2022_A11961,72,48,56,176
2021_A11962,85,86,69,240
2022_A11963,91,55,45,191
2021_A11964,79,77,37,193
2022_B11965,74,64,41,179
2019_B11966,91,73,39,203
2019_C11967,74,68,36,178
2019_A11968,93,79,40,212
2022_A11969,86,70,46,202
2022_B11970,85,75,58,218
2019_C11971,75,74,39,188
2021_C11972,97,85,61,243
2019_B11973,72,92,54,218
2022_B11974,86,51,44,181
2022_A11975,82,84,56,222
2021_C11976,87,60,67,214
2021_C11977,96,48,42,186
2021_C11978,71,48,46,165
2021_A11979,80,59,61,200
2021_A11980,90,64,70,224
2022_A11981,97,61,42,200
2022_C11982,91,86,75,252
2021_B11983,78,78,71,227
2022_C11984,80,77,70,227
2021_C11985,95,59,55,209
2021_C11986,97,55,76,228
2021_C11987,96,50,50,196
2022_A11988,84,71,40,195
2021_C11989,82,86,36,204
2022_A11990,84,74,69,227
2019_B11991,93,56,74,223
2022_A11992,97,61,40,198
2019_B11993,80,66,39,185
2022_B11994,80,72,51,203
2022_C11995,71,58,44,173
2019_A11996,86,59,36,181
2019_B11997,72,82,36,190
2021_B11998,75,60,73,208
2021_A11999,75,92,44,211
2019_C12000,89,54,50,193
2019_A12001,88,92,59,239
2022_C12002,91,89,44,224
2021_A12003,86,75,77,238
2022_C12004,81,82,41,204
2022_C12005,74,94,54,222
2019_B12006,80,62,60,202
2022_A12007,91,83,60,234
2019_B12008,84,56,66,206
2022_B12009,82,76,72,230
2019_B12010,94,47,42,183
2021_A12011,90,92,52,234
2019_B12012,74,56,38,168
2021_A12013,91,84,48,223
2022_B12014,74,83,78,235
2019_C12015,86,88,52,226
2021_C12016,85,84,54,223
2019_A12017,72,84,40,196
2019_B12018,89,64,56,209
2022_B12019,91,79,70,240
2021_B12020,75,63,61,199
2021_A12021,91,92,39,222
2019_B12022,74,54,53,181
2021_A12023,74,70,75,219
2021_A12024,97,80,37,214
2021_A12025,82,63,50,195
2022_C12026,72,63,53,188
2021_B12027,76,96,51,223
2021_A12028,72,55,67,194
2021_A12029,94,89,50,233
2019_C12030,97,66,54,217
2019_B12031,71,79,72,222
2021_B12032,88,46,66,200
2019_B12033,73,85,49,207
2019_B12034,72,86,45,203
2019_C12035,96,46,77,219
2021_B12036,95,68,50,213
2021_B12037,89,70,55,214
2019_C12038,81,92,37,210
2019_B12039,94,73,57,224
2019_A12040,87,46,48,181
2022_B12041,97,55,76,228
2021_B12042,83,47,62,192
2021_B12043,82,53,37,172
2021_B12044,74,45,78,197
2019_C12045,81,47,64,192
2019_C12046,74,69,56,199
2019_B12047,72,51,44,167
2021_C12048,81,90,65,236
2022_B12049,87,77,43,207
2022_A12050,71,84,62,217
2022_C12051,87,66,62,215
2022_A12052,78,49,54,181
2019_C12053,81,67,54,202
2019_A12054,91,55,75,221
2022_A12055,73,90,35,198
2021_A12056,72,92,49,213
2021_C12057,77,73,74,224
2022_C12058,75,61,41,177
2019_A12059,75,79,55,209
2019_C12060,85,95,43,223
2022_C12061,94,85,53,232
2021_A12062,80,66,73,219
2021_C12063,74,92,72,238
2019_B12064,80,78,66,224
2021_B12065,79,60,68,207
2021_C12066,92,75,45,212
2021_C12067,88,74,60,222
2021_B12068,76,67,45,188
2022_C12069,78,52,46,176
2021_A12070,90,87,54,231
2019_C12071,91,74,76,241
2022_C12072,84,70,63,217
2019_A12073,87,52,48,187
2022_A12074,94,88,42,224
2019_C12075,82,61,71,214
2019_B12076,83,63,41,187
2019_C12077,95,73,51,219
2021_A12078,93,45,39,177
2022_B12079,96,63,44,203
2022_A12080,83,52,62,197
2022_C12081,92,72,37,201
2019_C12082,91,93,45,229
2021_B12083,78,96,43,217
2022_C12084,76,49,77,202
2022_A12085,92,63,37,192
2021_C12086,87,69,62,218
2019_C12087,97,96,44,237
2022_A12088,96,70,68,234
2021_A12089,97,45,78,220
2021_A12090,85,96,60,241
2021_B12091,81,59,70,210
2021_C12092,97,82,36,215
2021_A12093,84,94,64,242
2021_A12094,92,83,39,214
2021_C12095,92,68,48,208
2022_C12096,87,92,53,232
2019_B12097,75,74,71,220
2022_C12098,78,73,45,196
2019_C12099,72,51,52,175
2021_B12100,94,76,66,236
2021_B12101,94,52,46,192
2019_A12102,94,86,46,226
2021_A12103,90,91,42,223
2019_A12104,83,82,65,230
2022_B12105,91,73,76,240
2022_B12106,92,53,47,192
2021_C12107,75,83,50,208
2021_B12108,71,52,39,162
2021_B12109,80,51,66,197
2022_B12110,96,70,72,238
2021_B12111,97,47,44,188
2021_A12112,82,78,49,209
2022_C12113,79,74,57,210
2022_A12114,81,62,35,178
2019_B12115,88,75,39,202
2019_C12116,94,85,68,247
2019_C12117,85,71,50,206
2019_A12118,97,70,36,203
2021_B12119,90,86,65,241
2019_A12120,91,48,54,193
2019_A12121,87,58,60,205
2019_A12122,77,47,39,163
2022_A12123,75,56,47,178
2021_C12124,93,62,67,222
2022_A12125,83,59,75,217
2021_A12126,88,58,79,225
2019_B12127,76,61,53,190
2022_C12128,95,90,75,260
2021_B12129,80,96,36,212
2021_A12130,86,61,60,207
2021_B12131,72,91,75,238
2021_B12132,89,85,62,236
2022_A12133,85,61,59,205
2021_B12134,79,90,64,233
2021_B12135,86,82,62,230
2019_C12136,92,94,38,224
2019_A12137,76,49,70,195
2019_C12138,86,68,70,224
2019_B12139,72,46,66,184
2019_A12140,80,73,44,197
2022_C12141,88,45,62,195
2022_C12142,90,55,45,190
2021_B12143,75,71,59,205
2022_A12144,90,56,73,219
2022_A12145,85,90,48,223
2021_B12146,78,71,78,227
2022_C12147,85,76,47,208
2022_C12148,91,70,42,203
2021_C12149,82,88,40,210
2019_C12150,93,72,36,201
2021_C12151,81,85,51,217
2021_C12152,74,61,47,182
2022_A12153,85,46,36,167
2021_A12154,82,57,59,198
2019_C12155,85,89,50,224
2019_C12156,86,51,70,207
2022_C12157,87,84,39,210
2019_A12158,71,75,49,195
2019_C12159,80,49,52,181
2019_C12160,97,57,75,229
2021_A12161,86,55,47,188
2019_A12162,93,65,52,210
2022_C12163,92,57,36,185
2022_A12164,76,67,70,213
2021_A12165,87,50,54,191
2019_C12166,76,94,74,244
2022_B12167,77,65,65,207
2022_B12168,72,49,71,192
2022_A12169,86,82,72,240
2019_A12170,88,46,58,192
2022_B12171,74,67,56,197
2019_C12172,88,60,54,202
2022_B12173,96,52,79,227
2019_A12174,74,54,71,199
2022_A12175,93,53,79,225
2019_C12176,93,55,40,188
2019_B12177,78,87,45,210
2021_C12178,80,77,51,208
2019_B12179,85,86,44,215
2022_C12180,90,49,51,190
2019_A12181,73,53,43,169
2022_B12182,87,66,36,189
2022_C12183,88,78,74,240
2019_A12184,95,69,67,231
2019_B12185,97,83,43,223
2021_B12186,83,77,50,210
2021_A12187,85,93,77,255
2021_A12188,78,77,70,225
2021_A12189,96,80,66,242
2019_B12190,96,70,75,241
2019_C12191,92,52,44,188
2021_B12192,85,93,73,251
2021_C12193,90,87,39,216
2019_A12194,78,68,76,222
2019_A12195,92,81,48,221
2019_B12196,81,71,69,221
2022_B12197,78,95,73,246
2022_C12198,96,57,61,214
2022_C12199,74,54,40,168
2022_B12200,73,89,68,230
2019_B12201,83,50,41,174
2021_A12202,84,57,68,209
2021_C12203,97,90,62,249
2019_A12204,73,79,67,219
2021_C12205,88,45,52,185
2022_A12206,71,61,45,177
2022_B12207,88,96,37,221
2021_C12208,90,89,76,255
2021_A12209,85,71,46,202
2021_B12210,78,88,64,230
2022_B12211,89,80,72,241
2019_B12212,79,63,79,221
2019_B12213,75,86,55,216
2022_B12214,82,94,61,237
2021_A12215,77,53,60,190
2022_C12216,90,65,56,211
2022_B12217,87,72,60,219
2021_B12218,97,93,41,231
2019_B12219,72,90,48,210
2019_A12220,72,49,42,163
2021_C12221,72,60,58,190
2019_B12222,88,50,46,184
2022_A12223,87,69,62,218
2022_C12224,95,74,55,224
2022_A12225,79,53,38,170
2022_A12226,92,87,74,253
2019_A12227,76,86,55,217
2021_A12228,73,50,62,185
2022_A12229,92,87,49,228
2021_A12230,81,77,55,213
2019_A12231,81,94,52,227
2022_C12232,84,92,76,252
2021_A12233,93,82,49,224
2021_A12234,83,48,55,186
2022_B12235,80,85,60,225
2021_A12236,92,60,44,196
2022_B12237,90,77,46,213
2022_A12238,79,89,52,220
2021_B12239,89,52,50,191
2022_B12240,93,77,53,223
2019_B12241,95,66,52,213
2019_C12242,91,82,51,224
2021_A12243,90,84,69,243
2022_A12244,93,58,48,199
2022_C12245,84,73,54,211
2022_B12246,75,68,62,205
2022_B12247,75,78,77,230
2021_B12248,89,60,62,211
2019_A12249,93,52,60,205
2022_B12250,83,56,66,205
2022_B12251,88,59,51,198
2021_B12252,72,47,74,193
2019_C12253,81,80,62,223
2022_C12254,89,89,77,255
2019_B12255,71,64,50,185
2021_C12256,97,86,60,243
2019_B12257,94,88,73,255
2022_A12258,81,49,68,198
2021_B12259,97,55,70,222
2019_B12260,89,79,64,232
2021_B12261,87,56,52,195
2019_A12262,90,96,38,224
2019_B12263,76,94,63,233
2019_C12264,81,94,44,219
2019_C12265,90,82,42,214
2022_B12266,93,96,46,235
2019_B12267,82,72,67,221
2019_A12268,93,74,74,241
2019_C12269,89,66,46,201
2019_B12270,85,63,60,208
2019_A12271,71,92,56,219
2019_A12272,87,59,45,191
2022_B12273,94,68,54,216
2022_B12274,95,47,77,219
2019_C12275,82,52,67,201
2022_B12276,97,51,63,211
2022_B12277,81,66,76,223
2021_C12278,78,54,75,207
2019_B12279,86,63,42,191
2022_C12280,74,50,76,200
2022_C12281,82,57,37,176
2022_B12282,90,49,56,195
2021_C12283,90,75,51,216
2021_A12284,92,78,77,247
2019_C12285,82,66,63,211
2022_A12286,77,56,45,178
2022_C12287,94,81,68,243
2021_A12288,74,76,52,202
2019_C12289,73,86,70,229
2022_A12290,77,90,71,238
2019_A12291,74,60,37,171
2022_B12292,86,95,75,256
2022_A12293,84,68,65,217
2019_C12294,93,79,52,224
2022_C12295,85,87,67,239
2022_A12296,94,96,41,231
2019_A12297,85,48,57,190
2021_A12298,91,81,56,228
2021_B12299,90,66,74,230
2022_C12300,92,50,55,197
2022_C12301,97,89,68,254
2019_B12302,72,93,54,219
2019_A12303,93,80,40,213
2019_C12304,89,66,56,211
2021_C12305,75,80,73,228
2022_C12306,85,63,79,227
2019_C12307,93,49,77,219
2019_A12308,82,47,38,167
2019_A12309,71,53,66,190
2019_B12310,94,86,76,256
2019_C12311,84,64,52,200
2022_B12312,72,85,57,214
2022_B12313,75,55,60,190
2019_B12314,83,83,65,231
2022_C12315,93,79,39,211
2022_C12316,80,96,50,226
2021_A12317,92,62,50,204
2022_A12318,91,73,67,231
2019_B12319,71,65,40,176
2022_C12320,71,89,44,204
2019_A12321,71,56,75,202
2019_A12322,85,48,39,172
2019_B12323,72,60,56,188
2019_B12324,83,70,41,194
2019_C12325,71,93,49,213
2019_A12326,80,94,68,242
2022_B12327,92,65,59,216
2019_B12328,80,85,55,220
2022_A12329,89,87,61,237
2022_C12330,83,45,65,193
2022_B12331,95,67,44,206
2022_A12332,73,57,37,167
2021_B12333,86,95,74,255
2019_C12334,95,72,39,206
2021_B12335,81,79,75,235
2022_C12336,92,66,39,197
2019_C12337,81,51,78,210
2019_B12338,72,82,66,220
2021_C12339,92,78,74,244
2019_C12340,82,77,79,238
2019_C12341,83,85,78,246
2021_A12342,84,50,64,198
2019_A12343,91,83,67,241
2022_A12344,74,84,61,219
2022_A12345,87,72,55,214
2019_B12346,96,48,59,203
2019_A12347,88,58,45,191
2021_C12348,92,73,56,221
2021_A12349,94,46,57,197
2019_A12350,82,88,79,249
2021_C12351,91,67,58,216
2022_B12352,78,85,46,209
2022_A12353,96,84,49,229
2022_A12354,84,48,35,167
2021_B12355,81,64,51,196
2021_A12356,81,72,60,213
2019_A12357,82,64,62,208
2019_A12358,86,81,64,231
2022_C12359,83,96,74,253
2021_C12360,96,70,78,244
2021_A12361,71,87,57,215
2021_B12362,78,70,52,200
2021_C12363,88,62,38,188
2019_A12364,92,80,55,227
2022_A12365,75,70,62,207
2022_A12366,71,53,43,167
2019_A12367,96,75,73,244
2021_A12368,74,95,38,207
2022_A12369,72,84,44,200
2019_C12370,88,62,63,213
2021_C12371,87,62,77,226
2019_C12372,83,85,43,211
2019_A12373,71,58,64,193
2022_B12374,87,56,77,220
2022_C12375,81,76,70,227
2021_A12376,88,93,78,259
2021_B12377,82,96,35,213
2021_B12378,86,81,62,229
2019_A12379,83,78,38,199
2019_A12380,85,82,52,219
2021_A12381,82,71,49,202
2022_B12382,71,54,48,173
2022_A12383,90,70,67,227
2021_A12384,77,93,68,238
2019_A12385,81,81,50,212
2021_A12386,79,63,59,201
2019_A12387,80,56,40,176
2021_C12388,82,95,62,239
2019_A12389,94,91,66,251
2021_C12390,72,56,69,197
2019_C12391,73,82,72,227
2022_C12392,80,60,65,205
2021_B12393,96,86,63,245
2022_C12394,76,55,41,172
2021_C12395,72,70,72,214
2022_C12396,73,76,38,187
2022_B12397,82,82,78,242
2019_B12398,85,84,45,214
2021_C12399,74,67,71,212
2021_C12400,82,75,73,230
2019_A12401,74,72,50,196
2019_C12402,72,73,52,197
2021_A12403,81,59,77,217
2019_B12404,90,61,51,202
2019_A12405,86,73,63,222
2019_B12406,87,74,42,203
2019_A12407,85,49,47,181
2021_C12408,74,51,63,188
2019_B12409,73,69,60,202
2021_C12410,86,65,40,191
2022_B12411,72,77,64,213
2022_C12412,85,84,35,204
2019_A12413,79,66,67,212
2022_B12414,89,70,49,208
2021_C12415,85,83,40,208
2019_A12416,88,66,47,201
2022_B12417,75,74,52,201
2019_B12418,77,60,37,174
2022_C12419,74,78,44,196
2021_A12420,91,65,63,219
2022_B12421,76,58,77,211
2019_B12422,80,48,62,190
2019_B12423,87,95,74,256
2022_A12424,80,47,37,164
2022_C12425,76,81,73,230
2019_A12426,85,84,56,225
2019_C12427,75,77,69,221
2022_C12428,82,53,48,183
2021_C12429,89,63,62,214
2019_B12430,73,69,69,211
2021_C12431,93,56,70,219
2019_C12432,85,73,51,209
2022_A12433,87,48,68,203
2022_C12434,73,53,65,191
2022_A12435,78,95,40,213
2021_A12436,81,80,38,199
2021_C12437,83,93,70,246
2022_B12438,92,52,35,179
2021_A12439,82,77,39,198
2022_A12440,89,84,63,236
2022_B12441,91,47,59,197
2021_B12442,90,73,47,210
2021_B12443,79,81,42,202
2019_A12444,75,75,61,211
2019_C12445,92,82,77,251
2022_C12446,93,46,67,206
2021_B12447,88,45,69,202
2022_A12448,89,55,73,217
2022_A12449,79,86,60,225
2022_C12450,84,57,51,192
2021_C12451,95,86,39,220
2022_B12452,94,56,78,228
2022_B12453,87,52,57,196
2019_A12454,81,59,52,192
2019_C12455,71,93,64,228
2021_B12456,97,90,69,256
2021_C12457,84,58,39,181
2022_C12458,89,67,43,199
2022_C12459,96,61,78,235
2021_C12460,85,89,37,211
2021_C12461,86,67,58,211
2022_B12462,87,78,77,242
2022_C12463,76,80,44,200
2019_C12464,96,59,53,208
2022_A12465,90,69,65,224
2019_B12466,90,54,50,194
2022_C12467,74,49,78,201
2021_C12468,91,55,41,187
2022_B12469,97,79,54,230
2021_C12470,74,90,49,213
2019_A12471,86,66,44,196
2019_B12472,81,73,75,229
2021_A12473,78,86,39,203
2022_B12474,92,52,41,185
2021_B12475,90,84,75,249
2022_B12476,93,60,78,231
2019_A12477,74,69,41,184
2022_C12478,86,48,43,177
2022_C12479,96,62,74,232
2021_B12480,90,61,46,197
2022_C12481,83,54,35,172
2022_B12482,89,67,47,203
2019_B12483,80,53,58,191
2019_C12484,87,76,78,241
2019_C12485,86,89,67,242
2021_A12486,84,72,72,228
2022_B12487,74,50,78,202
2019_C12488,88,87,40,215
2019_A12489,96,73,73,242
2021_B12490,87,83,67,237
2021_B12491,72,77,55,204
2022_C12492,72,76,49,197
2019_A12493,79,45,73,197
2022_B12494,86,67,72,225
2019_C12495,92,95,45,232
2022_A12496,92,45,66,203
2021_A12497,75,83,73,231
2021_C12498,72,63,61,196
2021_C12499,76,59,53,188
2022_C12500,90,46,70,206
2019_B12501,96,61,39,196
2021_B12502,78,82,45,205
2022_B12503,91,68,39,198
2022_A12504,83,46,66,195
2022_C12505,91,51,39,181
2019_B12506,95,54,52,201
2021_B12507,73,79,48,200
2021_B12508,78,71,66,215
2019_B12509,80,58,42,180
2019_A12510,85,74,49,208
2022_B12511,85,70,59,214
2021_B12512,78,67,49,194
2021_B12513,74,58,62,194
2021_A12514,75,73,68,216
2021_C12515,90,85,66,241
2021_B12516,71,53,62,186
2019_A12517,76,68,77,221
2022_A12518,79,88,65,232
2021_B12519,79,49,40,168
2021_A12520,80,91,43,214
2022_A12521,88,49,67,204
2021_C12522,94,58,52,204
2022_A12523,72,52,62,186
2019_B12524,94,48,37,179
2022_A12525,74,89,56,219
2021_B12526,94,73,45,212
2021_B12527,86,77,67,230
2022_A12528,75,51,62,188
2022_A12529,86,58,77,221
2022_A12530,83,82,63,228
2022_C12531,84,72,51,207
2021_C12532,83,87,36,206
2022_B12533,86,75,67,228
2022_A12534,79,94,50,223
2021_C12535,89,91,42,222
2019_C12536,88,75,79,242
2022_B12537,86,94,51,231
2019_B12538,74,95,65,234
2021_A12539,94,88,48,230
2021_C12540,96,55,37,188
2021_A12541,88,65,75,228
2021_B12542,91,56,61,208
2021_B12543,85,84,45,214
2021_C12544,89,86,61,236
2022_C12545,93,75,79,247
2022_A12546,94,47,43,184
2019_B12547,84,95,78,257
2022_C12548,71,68,69,208
2022_A12549,82,74,44,200
2019_C12550,83,49,44,176
2022_B12551,84,91,41,216
2019_B12552,94,96,61,251
2019_A12553,84,56,58,198
2022_B12554,72,62,39,173
2019_A12555,80,47,42,169
2021_A12556,89,74,46,209
2021_B12557,85,57,64,206
2022_B12558,77,45,47,169
2019_B12559,82,69,76,227
2019_C12560,82,49,61,192
2022_A12561,96,48,76,220
2022_C12562,75,74,40,189
2022_C12563,94,82,40,216
2019_C12564,83,66,56,205
2019_A12565,96,79,60,235
2019_A12566,76,96,68,240
2019_C12567,81,54,76,211
2022_C12568,78,55,73,206
2019_A12569,81,64,56,201
2021_B12570,71,48,38,157
2021_A12571,97,83,37,217
2019_C12572,83,82,67,232
2021_B12573,81,93,65,239
2021_B12574,71,59,65,195
2022_C12575,74,90,50,214
2019_A12576,95,53,42,190
2019_A12577,93,96,78,267
2019_B12578,72,51,63,186
2021_A12579,80,64,47,191
2019_C12580,76,55,38,169
2019_C12581,87,63,79,229
2021_C12582,74,87,61,222
2021_A12583,96,89,45,230
2022_A12584,84,96,42,222
2019_B12585,73,77,62,212
2022_B12586,84,49,60,193
2022_A12587,71,58,51,180
2021_B12588,72,55,70,197
2022_B12589,93,49,54,196
2021_A12590,94,78,75,247
2022_B12591,77,93,42,212
2019_A12592,94,60,46,200
2019_C12593,89,76,50,215
2021_A12594,71,77,43,191
2021_C12595,96,71,62,229
2019_A12596,90,80,56,226
2022_C12597,81,86,44,211
2021_A12598,78,84,52,214
2019_B12599,86,49,38,173
2019_A12600,87,74,74,235
2022_C12601,90,83,51,224
2021_A12602,93,79,78,250
2019_C12603,97,62,46,205
2021_B12604,71,72,49,192
2022_A12605,85,76,44,205
2021_A12606,96,51,57,204
2022_A12607,86,46,75,207
2019_A12608,79,65,54,198
2019_A12609,93,48,57,198
2022_B12610,90,46,40,176
2019_C12611,83,80,64,227
2022_A12612,73,89,71,233
2022_C12613,90,52,35,177
2021_C12614,96,71,73,240
2022_A12615,77,86,59,222
2019_A12616,89,96,78,263
2021_A12617,94,93,75,262
2021_A12618,77,57,35,169
2022_A12619,88,50,41,179
2019_C12620,82,64,67,213
2019_C12621,81,90,54,225
2021_C12622,75,93,76,244
2022_A12623,96,53,57,206
2021_C12624,71,73,65,209
2022_C12625,89,85,46,220
2021_B12626,94,93,38,225
2021_C12627,83,54,63,200
2022_C12628,83,80,35,198
2019_A12629,82,81,57,220
2022_A12630,73,46,59,178
2022_C12631,96,83,41,220
2019_B12632,89,80,65,234
2021_A12633,89,75,61,225
2019_A12634,80,58,70,208
2021_C12635,75,58,43,176
2021_B12636,92,59,60,211
2021_B12637,74,86,77,237
2021_C12638,89,51,70,210
2022_C12639,77,93,66,236
2021_C12640,84,53,73,210
2019_A12641,78,67,74,219
2019_B12642,94,46,58,198
2019_C12643,82,69,67,218
2022_B12644,78,79,57,214
2022_A12645,80,46,60,186
2021_C12646,97,47,61,205
2022_A12647,80,79,38,197
2022_C12648,96,68,53,217
2022_C12649,92,69,46,207
2019_C12650,97,70,77,244
2019_B12651,78,57,67,202
2022_B12652,85,50,62,197
2022_C12653,74,83,42,199
2019_A12654,89,79,61,229
2019_C12655,89,66,41,196
2021_C12656,90,74,50,214
2021_B12657,83,92,79,254
2022_A12658,80,64,79,223
2022_C12659,71,81,61,213
2021_B12660,95,83,65,243
2019_B12661,90,79,37,206
2021_A12662,94,95,37,226
2021_A12663,75,55,55,185
2021_C12664,79,52,39,170
2022_C12665,75,45,54,174
2021_B12666,91,51,73,215
2019_B12667,83,72,56,211
2022_C12668,74,95,48,217
2021_B12669,74,53,50,177
2019_A12670,74,55,57,186
2021_B12671,80,63,36,179
2022_B12672,73,78,64,215
2019_A12673,74,50,69,193
2019_A12674,86,89,38,213
2022_A12675,97,82,48,227
2019_C12676,95,76,77,248
2022_C12677,82,81,64,227
2021_A12678,72,70,40,182
2019_B12679,91,86,37,214
2021_A12680,92,82,60,234
2021_A12681,87,46,41,174
2021_B12682,85,49,72,206
2022_A12683,82,91,41,214
2022_A12684,94,81,35,210
2019_A12685,93,50,40,183
2022_A12686,79,48,51,178
2022_C12687,73,67,40,180
2019_B12688,93,47,59,199
2019_A12689,91,60,68,219
2019_B12690,72,85,68,225
2019_B12691,90,70,41,201
2021_C12692,80,53,79,212
2019_C12693,77,90,62,229
2021_C12694,83,95,77,255
2019_C12695,94,94,54,242
2019_A12696,93,49,62,204
2022_A12697,76,64,43,183
2019_C12698,77,93,53,223
2021_B12699,84,64,51,199
2022_C12700,76,48,54,178
2019_A12701,73,88,39,200
2022_C12702,85,81,74,240
2019_B12703,95,66,73,234
2021_B12704,89,91,65,245
2019_C12705,78,85,66,229
2019_A12706,72,47,44,163
2019_A12707,96,58,79,233
2021_A12708,92,50,41,183
2019_C12709,79,57,45,181
2022_B12710,97,95,61,253
2019_A12711,82,84,54,220
2022_A12712,93,85,66,244
2022_B12713,97,54,54,205
2021_A12714,92,70,61,223
2019_C12715,88,84,71,243
2021_B12716,72,55,55,182
2022_C12717,78,70,50,198
2022_A12718,75,59,68,202
2022_C12719,74,96,65,235
2019_A12720,93,50,58,201
2021_C12721,93,52,74,219
2021_A12722,72,60,69,201
2019_C12723,80,58,44,182
2021_B12724,91,64,72,227
2022_A12725,84,91,62,237
2021_B12726,93,75,67,235
2019_C12727,77,95,71,243
2019_B12728,71,51,76,198
2021_A12729,78,81,79,238
2019_A12730,86,68,39,193
2021_A12731,95,46,60,201
2019_C12732,76,88,44,208
2019_B12733,96,53,75,224
2021_C12734,75,72,54,201
2022_A12735,96,55,79,230
2019_A12736,71,65,68,204
2022_C12737,83,53,41,177
2022_B12738,94,77,77,248
2019_C12739,74,88,73,235
2021_B12740,88,73,51,212
2019_C12741,72,94,79,245
2021_A12742,76,68,62,206
2019_A12743,96,46,63,205
2019_B12744,83,65,54,202
2022_A12745,73,69,65,207
2021_C12746,73,73,68,214
2019_A12747,89,59,75,223
2021_C12748,85,85,45,215
2022_A12749,95,79,40,214
2021_A12750,83,60,62,205
2022_B12751,87,73,76,236
2022_A12752,88,62,69,219
2019_A12753,84,56,65,205
2021_C12754,75,76,45,196
2019_A12755,96,59,40,195
2022_B12756,93,72,62,227
2021_B12757,84,48,47,179
2019_A12758,87,60,66,213
2022_A12759,76,68,50,194
2019_C12760,75,90,51,216
2019_C12761,87,76,52,215
2022_C12762,95,57,48,200
2022_A12763,89,45,57,191
2019_B12764,94,64,68,226
2022_A12765,79,81,76,236
2021_A12766,94,54,39,187
2022_A12767,72,76,66,214
2022_C12768,73,48,72,193
2021_C12769,73,58,58,189
2021_C12770,85,45,55,185
2021_C12771,78,52,40,170
2019_C12772,85,59,70,214
2019_B12773,79,92,35,206
2022_B12774,95,72,73,240
2019_C12775,93,93,75,261
2019_C12776,95,64,41,200
2022_B12777,78,90,76,244
2019_A12778,91,60,60,211
2019_C12779,85,60,73,218
2019_B12780,87,80,56,223
2019_B12781,89,92,63,244
2021_B12782,85,46,59,190
2022_B12783,72,58,72,202
2019_C12784,87,77,65,229
2019_B12785,91,48,64,203
2021_C12786,74,46,45,165
2021_A12787,87,51,74,212
2019_C12788,88,55,59,202
2022_B12789,71,62,63,196
2019_C12790,71,94,66,231
2019_B12791,72,83,60,215
2019_B12792,80,91,40,211
2019_A12793,85,60,41,186
2021_B12794,74,67,39,180
2022_B12795,83,70,67,220
2019_A12796,96,87,61,244
2022_A12797,90,76,74,240
2019_B12798,92,95,43,230
2022_C12799,87,45,45,177
2021_A12800,73,95,62,230
2021_C12801,84,57,51,192
2019_C12802,94,73,55,222
2022_B12803,82,56,69,207
2022_C12804,90,70,52,212
2022_C12805,80,53,66,199
2019_A12806,83,48,75,206
2022_B12807,92,92,78,262
2022_A12808,76,45,45,166
2019_C12809,78,95,56,229
2021_C12810,82,90,38,210
2022_C12811,88,85,45,218
2019_B12812,85,57,41,183
2021_A12813,96,63,53,212
2022_C12814,90,91,35,216
2022_B12815,85,51,76,212
2022_C12816,93,93,63,249
2022_A12817,86,58,79,223
2019_B12818,96,45,51,192
2021_B12819,75,92,51,218
2022_A12820,83,91,75,249
2021_A12821,84,82,70,236
2021_B12822,83,79,72,234
2021_B12823,79,46,67,192
2022_B12824,85,67,59,211
2021_A12825,74,77,47,198
2021_C12826,88,53,48,189
2022_B12827,74,65,55,194
2019_C12828,75,65,65,205
2021_B12829,88,88,68,244
2022_C12830,87,54,44,185
2022_C12831,89,47,48,184
2022_A12832,71,84,64,219
2022_C12833,85,49,76,210
2019_B12834,84,80,58,222
2019_C12835,83,92,73,248
2021_A12836,97,88,76,261
2021_C12837,88,72,40,200
2022_B12838,90,68,39,197
2022_C12839,97,67,62,226
2019_A12840,73,90,73,236
2021_C12841,94,83,66,243
2019_C12842,81,96,38,215
2021_A12843,82,90,78,250
2021_C12844,71,66,77,214
2019_C12845,82,52,55,189
2021_B12846,93,68,63,224
2019_A12847,94,46,67,207
2019_B12848,90,92,73,255
2022_C12849,79,89,73,241
2022_A12850,82,84,37,203
2019_A12851,72,75,72,219
2019_C12852,95,69,36,200
2021_B12853,87,48,47,182
2019_B12854,93,69,52,214
2022_B12855,77,60,38,175
2022_A12856,78,47,66,191
2019_C12857,83,76,47,206
2022_A12858,81,53,46,180
2021_B12859,97,80,35,212
2022_C12860,89,69,46,204
2022_C12861,88,93,49,230
2021_C12862,83,61,62,206
2022_B12863,97,48,51,196
2022_B12864,87,50,66,203
2021_A12865,76,55,53,184
2021_C12866,85,72,39,196
2022_C12867,74,45,42,161
2022_B12868,82,50,37,169
2022_B12869,90,49,46,185
2022_C12870,81,54,55,190
2021_B12871,72,87,36,195
2022_C12872,83,93,35,211
2019_B12873,80,79,57,216
2021_B12874,80,64,64,208
2021_B12875,91,84,77,252
2019_B12876,97,90,53,240
2022_A12877,87,90,55,232
2022_B12878,74,68,70,212
2022_A12879,86,57,36,179
2021_A12880,82,57,64,203
2022_C12881,83,70,42,195
2019_A12882,93,83,50,226
2021_C12883,76,62,40,178
2021_A12884,72,75,52,199
2019_C12885,75,47,53,175
2022_B12886,84,51,74,209
2022_B12887,81,51,59,191
2019_C12888,86,51,46,183
2019_B12889,71,66,53,190
2019_B12890,82,78,53,213
2021_A12891,90,49,52,191
2021_C12892,87,96,63,246
2022_C12893,96,93,46,235
2022_A12894,84,52,41,177
2019_A12895,97,96,51,244
2021_C12896,80,90,37,207
2019_C12897,92,84,53,229
2021_B12898,86,71,72,229
2019_C12899,85,85,35,205
2022_B12900,75,56,74,205
2021_B12901,92,62,46,200
2019_C12902,74,82,37,193
2019_C12903,73,69,57,199
2022_B12904,83,48,65,196
2022_B12905,88,51,37,176
2019_A12906,73,78,36,187
2022_B12907,89,96,71,256
2021_B12908,80,93,47,220
2021_C12909,96,58,35,189
2019_C12910,86,90,61,237
2019_B12911,92,61,45,198
2022_B12912,89,50,66,205
2022_C12913,86,82,40,208
2019_B12914,80,84,59,223
2022_B12915,96,86,73,255
2021_C12916,85,94,79,258
2021_A12917,82,92,59,233
2022_A12918,97,73,59,229
2019_C12919,91,87,62,240
2019_C12920,86,60,51,197
2022_C12921,85,71,40,196
2021_C12922,88,82,58,228
2022_C12923,96,96,59,251
2022_C12924,91,67,43,201
2022_A12925,85,51,56,192
2022_B12926,83,53,65,201
2021_B12927,79,81,77,237
2019_C12928,93,68,52,213
2019_C12929,74,76,58,208
2021_C12930,87,79,44,210
2022_B12931,85,89,37,211
2019_A12932,75,58,59,192
2021_B12933,93,96,42,231
2021_B12934,86,79,60,225
2022_A12935,89,84,73,246
2019_B12936,93,87,42,222
2019_B12937,95,96,74,265
2022_C12938,81,63,46,190
2019_B12939,82,78,71,231
2022_B12940,91,53,65,209
2019_B12941,90,88,72,250
2019_A12942,84,51,49,184
2019_B12943,74,92,53,219
2021_B12944,71,66,64,201
2022_B12945,88,92,77,257
2022_C12946,79,56,35,170
2021_C12947,81,93,60,234
2021_B12948,83,57,41,181
2019_B12949,72,51,46,169
2019_C12950,74,52,49,175
2019_C12951,84,63,51,198
2019_B12952,94,87,65,246
2022_A12953,75,67,52,194
2019_A12954,95,73,54,222
2019_B12955,76,53,76,205
2019_A12956,96,55,51,202
2022_C12957,94,80,64,238
2021_B12958,87,87,77,251
2021_A12959,83,70,36,189
2022_C12960,82,85,39,206
2021_B12961,94,92,39,225
2019_B12962,71,56,56,183
2022_C12963,75,73,71,219
2021_C12964,71,78,63,212
2021_B12965,81,87,73,241
2021_A12966,86,49,77,212
2022_B12967,95,84,49,228
2021_A12968,71,94,75,240
2019_C12969,92,73,46,211
2022_C12970,72,87,35,194
2022_C12971,74,66,47,187
2022_C12972,83,56,62,201
2019_A12973,95,82,69,246
2021_A12974,97,61,58,216
2021_A12975,72,59,43,174
2019_C12976,87,46,35,168
2021_C12977,72,87,48,207
2022_C12978,81,64,62,207
2021_C12979,73,81,60,214
2022_C12980,85,46,76,207
2022_C12981,91,50,39,180
2021_B12982,80,47,69,196
2021_C12983,93,86,63,242
2022_C12984,93,47,35,175
2022_C12985,89,78,54,221
2022_B12986,96,66,69,231
2022_B12987,75,71,71,217
2021_C12988,80,76,59,215
2021_C12989,88,48,78,214
2022_A12990,78,74,67,219
2021_A12991,96,94,72,262
2019_A12992,72,63,51,186
2021_B12993,71,68,72,211
2021_C12994,84,50,37,171
2019_C12995,86,55,65,206
2021_C12996,71,94,38,203
2019_B12997,85,89,76,250
2019_A12998,91,93,38,222
2022_A12999,84,86,70,240
2019_B13000,82,66,54,202
2021_C13001,77,79,68,224
2022_C13002,71,56,51,178
2022_A13003,88,46,39,173
2021_A13004,75,72,74,221
2022_A13005,76,48,58,182
2022_B13006,94,74,76,244
2021_C13007,85,47,63,195
2021_A13008,85,46,50,181
2021_A13009,89,94,51,234
2019_A13010,83,71,43,197
2021_C13011,73,80,65,218
2021_A13012,78,83,60,221
2022_C13013,92,49,72,213
2022_B13014,94,95,76,265
2022_B13015,84,95,35,214
2022_C13016,80,63,36,179
2022_C13017,93,69,39,201
2022_C13018,93,57,54,204
2021_A13019,81,65,44,190
2021_C13020,91,48,62,201
2022_C13021,78,80,38,196
2021_A13022,97,73,61,231
2021_A13023,94,52,69,215
2022_C13024,75,73,62,210
2022_B13025,97,54,39,190
2021_B13026,97,87,51,235
2019_B13027,90,51,41,182
2019_A13028,84,95,60,239
2021_C13029,88,48,50,186
2022_B13030,76,52,78,206
2019_C13031,92,83,54,229
2019_B13032,96,91,67,254
2022_C13033,79,56,67,202
2021_B13034,86,85,43,214
2021_A13035,80,74,48,202
2022_C13036,80,93,46,219
2021_B13037,76,75,45,196
2021_A13038,92,52,79,223
2019_C13039,82,65,61,208
2019_B13040,88,71,56,215
2022_A13041,76,53,68,197
2019_A13042,78,80,47,205
2019_A13043,94,85,74,253
2019_A13044,71,49,46,166
2021_A13045,88,48,73,209
2021_B13046,76,49,43,168
2022_C13047,87,83,66,236
2019_B13048,81,57,79,217
2022_C13049,93,48,72,213
2019_C13050,72,88,52,212
2019_C13051,73,86,43,202
2022_C13052,81,60,46,187
2022_A13053,93,52,69,214
2019_B13054,88,63,65,216
2021_B13055,85,86,75,246
2019_C13056,87,92,57,236
2019_A13057,89,63,54,206
2019_C13058,96,88,35,219
2022_C13059,81,84,45,210
2021_B13060,95,68,64,227
2021_C13061,76,77,68,221
2021_C13062,88,65,37,190
2021_B13063,93,72,65,230
2019_B13064,78,63,76,217
2022_B13065,87,45,46,178
2019_C13066,81,92,63,236
2021_B13067,95,69,55,219
2021_C13068,78,45,55,178
2021_B13069,89,66,43,198
2022_C13070,72,62,35,169
2022_C13071,71,74,61,206
2022_B13072,90,84,73,247
2021_B13073,92,65,51,208
2022_A13074,93,51,47,191
2021_B13075,79,90,57,226
2022_C13076,88,83,41,212
2022_B13077,96,94,66,256
2019_A13078,93,71,42,206
2021_C13079,75,87,60,222
2021_C13080,95,76,77,248
2022_C13081,85,82,59,226
2019_B13082,74,59,69,202
2019_B13083,77,89,59,225
2019_C13084,90,78,44,212
2019_C13085,95,88,70,253
2019_A13086,72,61,49,182
2022_A13087,72,47,48,167
2022_A13088,78,94,70,242
2019_B13089,71,55,40,166
2019_C13090,97,54,60,211
2022_B13091,81,75,35,191
2019_C13092,83,73,36,192
2022_C13093,77,63,37,177
2021_C13094,91,48,61,200
2019_A13095,93,52,76,221
2022_A13096,75,84,61,220
2022_C13097,72,90,78,240
2021_C13098,95,96,67,258
2021_C13099,78,47,69,194
2022_C13100,76,72,62,210
2021_B13101,94,94,68,256
2019_A13102,96,88,59,243
2022_C13103,90,57,54,201
2021_A13104,82,76,61,219
2021_B13105,87,80,64,231
2022_C13106,80,86,63,229
2022_A13107,91,69,68,228
2021_A13108,88,85,65,238
2021_B13109,94,74,49,217
2019_A13110,94,82,64,240
2021_C13111,94,82,69,245
2019_A13112,88,63,78,229
2019_A13113,81,96,35,212
2022_B13114,73,71,72,216
2021_A13115,77,94,75,246
2022_C13116,79,69,40,188
2019_A13117,72,83,66,221
2021_B13118,78,79,78,235
2021_C13119,97,67,70,234
2022_A13120,80,84,60,224
2022_C13121,83,93,61,237
2021_A13122,90,90,37,217
2022_C13123,85,69,44,198
2021_C13124,72,75,44,191
2019_C13125,89,79,47,215
2022_A13126,86,96,40,222
2022_A13127,83,79,75,237
2019_A13128,72,47,56,175
2019_C13129,73,67,49,189
2022_A13130,76,79,50,205
2019_C13131,83,80,40,203
2022_B13132,72,57,63,192
2022_B13133,83,72,56,211
2021_C13134,90,54,49,193
2019_C13135,76,91,44,211
2022_C13136,95,75,49,219
2019_A13137,76,46,63,185
2021_C13138,71,80,73,224
2021_A13139,89,71,63,223
2019_B13140,86,71,63,220
2022_C13141,78,66,69,213
2019_B13142,95,89,41,225
2021_B13143,78,53,45,176
2022_A13144,94,56,47,197
2019_B13145,76,46,44,166
2021_A13146,90,55,67,212
2019_C13147,92,78,36,206
2021_C13148,92,54,53,199
2021_B13149,82,77,75,234
2022_A13150,94,59,48,201
2019_B13151,72,47,59,178
2019_C13152,85,85,60,230
2021_C13153,85,59,57,201
2019_B13154,87,76,57,220
2019_A13155,72,74,44,190
2022_C13156,89,53,68,210
2021_A13157,91,85,51,227
2019_B13158,97,59,77,233
2021_B13159,93,80,41,214
2021_C13160,82,57,77,216
2019_A13161,75,92,69,236
2019_A13162,73,48,52,173
2021_A13163,73,73,39,185
2019_C13164,95,81,74,250
2022_B13165,97,49,43,189
2022_A13166,90,55,78,223
2022_A13167,71,64,58,193
2021_C13168,74,79,71,224
2022_B13169,91,83,73,247
2021_C13170,83,88,73,244
2019_A13171,84,64,35,183
2022_A13172,84,49,49,182
2019_B13173,90,55,56,201
2022_C13174,91,63,36,190
2019_C13175,95,53,55,203
2019_B13176,90,85,52,227
2022_B13177,97,80,62,239
2022_B13178,89,56,45,190
2022_B13179,81,60,75,216
2019_A13180,92,75,56,223
2021_A13181,77,66,56,199
2019_A13182,93,72,76,241
2022_B13183,73,70,47,190
2022_B13184,92,81,71,244
2022_C13185,94,85,59,238
2019_C13186,86,66,65,217
2022_A13187,79,73,51,203
2021_A13188,85,84,55,224
2022_C13189,86,68,63,217
2019_C13190,74,79,53,206
2021_C13191,88,78,65,231
2022_B13192,89,89,50,228
2022_C13193,73,84,46,203
2022_C13194,91,59,38,188
2021_A13195,88,55,47,190
2021_B13196,94,70,55,219
2019_A13197,76,71,51,198
2022_B13198,80,74,59,213
2021_C13199,95,69,44,208
2021_A13200,76,70,54,200
2019_A13201,97,92,78,267
2022_A13202,77,93,39,209
2021_C13203,90,92,48,230
2022_C13204,76,50,51,177
2022_B13205,80,51,73,204
2022_C13206,87,95,68,250
2021_A13207,87,47,79,213
2021_B13208,87,55,44,186
2019_A13209,90,96,57,243
2021_A13210,95,53,50,198
2022_B13211,95,73,47,215
2019_A13212,85,47,64,196
2021_A13213,90,94,67,251
2022_C13214,90,95,45,230
2019_A13215,89,60,68,217
2021_A13216,86,85,72,243
2022_A13217,74,94,43,211
2019_B13218,91,70,43,204
2022_A13219,89,71,50,210
2021_C13220,93,86,77,256
2019_C13221,80,79,60,219
2022_C13222,80,86,78,244
2021_A13223,74,90,52,216
2021_B13224,79,74,57,210
2021_C13225,90,58,73,221
2019_C13226,80,57,36,173
2021_A13227,79,80,64,223
2022_C13228,97,74,59,230
2019_B13229,88,48,57,193
2019_B13230,97,93,54,244
2022_B13231,89,48,45,182
2019_A13232,94,67,50,211
2022_C13233,93,85,52,230
2022_C13234,91,82,55,228
2022_C13235,83,59,56,198
2022_C13236,75,91,72,238
2021_A13237,72,65,73,210
2022_B13238,97,46,65,208
2022_C13239,89,91,48,228
2019_C13240,83,62,73,218
2019_B13241,85,46,60,191
2022_A13242,82,94,37,213
2021_A13243,71,45,45,161
2022_C13244,76,96,49,221
2019_B13245,82,64,46,192
2022_B13246,74,48,38,160
2022_B13247,87,86,47,220
2019_A13248,88,81,37,206
2021_B13249,82,84,76,242
2021_B13250,96,74,78,248
2019_A13251,76,68,43,187
2021_C13252,78,72,45,195
2022_A13253,71,76,78,225
2019_A13254,79,82,65,226
2022_A13255,84,49,62,195
2021_A13256,79,62,39,180
2022_A13257,81,92,60,233
2019_C13258,89,93,43,225
2022_C13259,85,90,57,232
2022_C13260,95,90,75,260
2022_B13261,73,49,74,196
2019_A13262,91,56,70,217
2022_A13263,93,55,78,226
2021_C13264,96,47,40,183
2021_B13265,85,47,58,190
2021_A13266,85,66,60,211
2019_B13267,86,57,35,178
2021_B13268,97,53,76,226
2021_C13269,96,71,64,231
2021_C13270,97,58,44,199
2022_B13271,76,92,56,224
2022_C13272,77,47,70,194
2019_B13273,90,51,69,210
2019_B13274,71,56,38,165
2019_B13275,97,51,49,197
2022_A13276,83,50,73,206
2022_B13277,94,67,66,227
2021_C13278,74,80,70,224
2019_B13279,72,50,40,162
2019_B13280,86,81,38,205
2021_A13281,79,45,72,196
2021_A13282,88,94,42,224
2022_C13283,85,66,66,217
2022_A13284,81,76,47,204
2021_C13285,75,60,50,185
2022_B13286,83,63,60,206
2019_B13287,93,63,78,234
2019_A13288,80,88,51,219
2022_A13289,96,61,62,219
2021_C13290,86,73,49,208
2022_C13291,93,71,60,224
2021_C13292,81,69,38,188
2021_C13293,76,95,53,224
2019_C13294,95,49,72,216
2019_A13295,75,83,51,209
2022_B13296,71,90,44,205
2022_B13297,82,55,53,190
2019_A13298,77,71,59,207
2019_A13299,95,65,37,197
2019_C13300,91,64,72,227
2019_A13301,82,84,75,241
2022_A13302,87,59,70,216
2019_B13303,96,45,48,189
2021_C13304,87,54,71,212
2019_C13305,80,74,56,210
2021_C13306,93,86,61,240
2022_B13307,85,57,40,182
2019_C13308,94,87,35,216
2019_B13309,84,83,35,202
2021_C13310,85,69,79,233
2022_B13311,71,78,70,219
2019_A13312,95,87,41,223
2021_A13313,84,88,79,251
2022_C13314,93,94,79,266
2021_C13315,93,48,76,217
2021_A13316,83,82,38,203
2021_C13317,76,66,47,189
2019_B13318,93,63,78,234
2019_C13319,78,71,77,226
2022_B13320,79,55,42,176
2021_C13321,82,66,71,219
2022_C13322,75,60,38,173
2021_C13323,91,69,72,232
2021_C13324,82,87,64,233
2021_B13325,96,74,46,216
2021_B13326,71,77,41,189
2021_B13327,87,91,39,217
2021_B13328,79,53,49,181
2019_B13329,76,53,51,180
2022_A13330,71,70,35,176
2022_C13331,85,50,70,205
2019_A13332,97,66,56,219
2021_A13333,97,80,35,212
2022_A13334,94,48,38,180
2019_A13335,96,56,58,210
2019_B13336,94,69,71,234
2019_C13337,76,56,73,205
2022_A13338,76,74,67,217
2022_A13339,93,94,51,238
2021_A13340,73,84,75,232
2019_B13341,93,81,42,216
2022_A13342,75,72,52,199
2019_A13343,95,86,39,220
2021_C13344,84,76,37,197
2019_B13345,79,84,49,212
2022_B13346,78,62,66,206
2021_B13347,91,74,56,221
2019_C13348,82,73,57,212
2022_A13349,83,52,63,198
2021_B13350,93,67,38,198
2019_C13351,81,86,36,203
2021_B13352,79,94,59,232
2019_C13353,88,80,37,205
2019_C13354,71,94,76,241
2019_C13355,92,78,59,229
2019_C13356,93,80,48,221
2019_A13357,95,93,52,240
2021_C13358,75,78,36,189
2021_B13359,83,65,71,219
2019_C13360,77,52,63,192
2019_C13361,72,55,52,179
2021_A13362,88,88,45,221
2022_B13363,87,74,39,200
2022_B13364,82,63,59,204
2022_C13365,85,73,70,228
2022_B13366,75,78,79,232
2021_B13367,89,72,42,203
2022_A13368,76,63,57,196
2022_B13369,93,47,71,211
2019_C13370,71,78,58,207
2021_A13371,74,70,62,206
2019_B13372,85,56,38,179
2019_C13373,73,62,78,213
2021_B13374,91,81,50,222
2019_B13375,93,56,44,193
2019_A13376,72,78,74,224
2022_A13377,80,88,42,210
2022_A13378,84,78,55,217
2019_C13379,77,63,72,212
2022_B13380,94,86,40,220
2021_B13381,77,76,69,222
2019_C13382,89,48,36,173
2021_B13383,72,58,62,192
2021_A13384,75,55,62,192
2019_C13385,72,62,39,173
2022_A13386,94,62,76,232
2019_B13387,95,96,43,234
2019_C13388,89,57,58,204
2022_A13389,77,63,65,205
2021_B13390,93,56,50,199
2021_B13391,97,60,47,204
2019_C13392,90,77,70,237
2019_B13393,77,61,40,178
2022_C13394,71,75,38,184
2019_A13395,77,94,49,220
2022_B13396,71,82,36,189
2021_C13397,76,61,46,183
2022_B13398,87,51,37,175
2019_B13399,97,82,66,245
2019_C13400,78,87,58,223
2019_A13401,87,51,41,179
2019_B13402,80,73,56,209
2022_B13403,88,96,43,227
2022_A13404,85,59,49,193
2022_A13405,81,46,46,173
2022_C13406,89,66,60,215
2022_B13407,78,65,64,207
2019_B13408,95,82,59,236
2022_B13409,88,93,51,232
2022_C13410,96,72,56,224
2019_C13411,86,58,67,211
2021_B13412,95,60,65,220
2019_A13413,95,81,55,231
2022_B13414,96,46,59,201
2019_A13415,71,63,52,186
2022_A13416,75,79,59,213
2019_A13417,72,67,78,217
2021_A13418,87,49,72,208
2019_C13419,81,56,50,187
2021_C13420,81,67,36,184
2021_A13421,90,90,59,239
2019_B13422,94,75,47,216
2019_C13423,74,94,58,226
2019_A13424,81,50,55,186
2019_A13425,89,89,77,255
2019_A13426,83,57,60,200
2021_B13427,87,89,49,225
2022_B13428,89,55,67,211
2022_A13429,75,69,40,184
2021_B13430,75,70,76,221
2021_C13431,72,75,50,197
2019_C13432,73,52,75,200
2019_B13433,73,84,48,205
2021_A13434,75,94,51,220
2021_B13435,80,76,73,229
2021_A13436,88,65,36,189
2019_B13437,89,52,55,196
2022_C13438,81,91,60,232
2019_C13439,72,67,72,211
2022_B13440,78,90,45,213
2019_A13441,84,71,53,208
2022_C13442,80,78,76,234
2021_C13443,81,85,53,219
2022_C13444,79,75,38,192
2022_A13445,86,63,35,184
2022_C13446,73,63,54,190
2019_C13447,78,61,48,187
2022_C13448,91,78,40,209
2019_C13449,76,60,42,178
2019_C13450,79,57,60,196
2022_A13451,85,46,59,190
2022_A13452,72,94,45,211
2021_B13453,79,63,37,179
2019_C13454,94,90,57,241
2021_B13455,79,67,38,184
2022_A13456,74,60,53,187
2021_C13457,89,77,62,228
2019_B13458,96,82,64,242
2019_C13459,84,48,43,175
2019_C13460,97,72,37,206
2021_B13461,74,81,77,232
2021_B13462,87,45,70,202
2019_C13463,82,54,73,209
2022_C13464,80,66,42,188
2019_B13465,88,45,60,193
2021_C13466,78,51,58,187
2019_B13467,73,58,47,178
2021_C13468,74,61,66,201
2022_A13469,85,49,76,210
2021_A13470,85,47,48,180
2019_C13471,95,53,75,223
2021_B13472,94,80,58,232
2022_A13473,75,45,59,179
2021_B13474,71,78,46,195
2022_B13475,89,59,42,190
2019_A13476,82,48,52,182
2022_A13477,84,68,49,201
2019_C13478,79,69,37,185
2019_B13479,77,56,71,204
2019_A13480,92,92,46,230
2019_B13481,84,83,72,239
2019_B13482,82,90,46,218
2022_B13483,71,63,44,178
2022_C13484,90,64,66,220
2021_C13485,79,55,58,192
2022_C13486,85,62,56,203
2019_A13487,94,89,46,229
2019_C13488,92,62,44,198
2022_B13489,96,85,67,248
2022_C13490,86,48,77,211
2019_A13491,94,63,60,217
2019_C13492,96,54,60,210
2021_A13493,73,45,41,159
2019_C13494,81,95,37,213
2019_C13495,78,61,42,181
2019_B13496,79,69,79,227
2022_C13497,91,72,53,216
2021_B13498,73,60,78,211
2021_C13499,75,67,71,213
2019_C13500,72,87,59,218
2022_C13501,82,55,39,176
2019_A13502,86,61,38,185
2019_A13503,85,66,52,203
2019_C13504,87,71,60,218
2019_A13505,84,55,47,186
2019_C13506,75,68,54,197
2022_C13507,82,46,63,191
2022_B13508,92,69,47,208
2022_A13509,71,71,64,206
2021_B13510,77,53,40,170
2019_C13511,94,81,73,248
2022_C13512,91,70,79,240
2021_C13513,77,49,46,172
2022_B13514,87,57,43,187
2021_A13515,93,94,79,266
2019_B13516,83,70,70,223
2022_C13517,82,63,41,186
2022_B13518,73,58,45,176
2021_B13519,94,96,39,229
2021_A13520,88,78,78,244
2019_C13521,97,81,58,236
2021_B13522,91,87,79,257
2019_A13523,93,56,35,184
2021_B13524,71,66,64,201
2022_A13525,97,53,56,206
2021_B13526,77,62,73,212
2019_C13527,77,74,51,202
2021_A13528,86,94,38,218
2022_C13529,72,93,53,218
2022_C13530,72,81,37,190
2022_A13531,83,46,74,203
2019_A13532,95,77,35,207
2021_B13533,84,82,57,223
2021_B13534,80,57,69,206
2019_A13535,92,74,41,207
2022_B13536,71,46,66,183
2022_B13537,82,47,36,165
2022_C13538,71,75,43,189
2019_A13539,75,48,64,187
2022_A13540,79,82,72,233
2019_C13541,95,72,50,217
2019_A13542,89,46,49,184
2021_A13543,74,88,72,234
2019_A13544,72,81,52,205
2021_C13545,96,58,72,226
2022_B13546,72,85,72,229
2021_C13547,79,76,76,231
2022_B13548,74,90,53,217
2021_C13549,91,80,61,232
2021_B13550,86,82,45,213
2022_A13551,79,69,70,218
2022_C13552,80,46,69,195
2021_A13553,73,83,43,199
2019_B13554,88,69,38,195
2022_C13555,81,92,76,249
2022_A13556,96,49,51,196
2022_C13557,77,60,47,184
2022_C13558,80,50,58,188
2021_B13559,91,45,53,189
2019_B13560,89,90,69,248
2021_A13561,94,46,37,177
2022_A13562,87,88,39,214
2022_C13563,76,46,47,169
2022_C13564,91,49,47,187
2022_B13565,96,66,48,210
2022_A13566,91,87,57,235
2019_B13567,75,74,46,195
2022_B13568,82,62,44,188
2021_A13569,95,75,70,240
2019_A13570,71,45,65,181
2021_C13571,81,89,46,216
2021_A13572,90,60,39,189
2022_C13573,95,53,38,186
2022_B13574,91,85,36,212
2022_A13575,97,81,69,247
2022_A13576,85,59,36,180
2019_C13577,83,60,71,214
2021_A13578,97,49,49,195
2022_C13579,97,70,45,212
2019_A13580,79,45,50,174
2019_A13581,93,70,47,210
2022_C13582,89,60,65,214
2022_C13583,93,62,39,194
2022_C13584,90,77,63,230
2022_B13585,90,48,47,185
2022_A13586,78,80,49,207
2021_C13587,73,83,67,223
2019_A13588,80,48,64,192
2021_C13589,82,95,45,222
2021_A13590,93,91,73,257
2021_C13591,82,83,73,238
2022_C13592,85,94,46,225
2021_A13593,79,45,47,171
2021_C13594,87,93,47,227
2022_A13595,79,92,67,238
2021_B13596,73,59,61,193
2022_A13597,78,80,59,217
2019_A13598,77,83,59,219
2019_C13599,72,56,37,165
2022_C13600,95,96,60,251
2022_B13601,85,95,76,256
2022_B13602,84,87,35,206
2021_C13603,77,93,42,212
2022_C13604,72,59,41,172
2022_B13605,80,63,77,220
2022_B13606,77,63,49,189
2019_B13607,78,61,79,218
2021_C13608,87,85,46,218
2021_A13609,82,70,52,204
2021_B13610,97,63,40,200
2021_A13611,79,90,40,209
2021_C13612,96,72,79,247
2021_A13613,93,55,65,213
2022_B13614,81,49,74,204
2021_C13615,84,96,40,220
2022_C13616,83,62,72,217
2021_B13617,93,76,53,222
2019_B13618,90,59,50,199
2019_B13619,85,71,36,192
2019_C13620,80,84,67,231
2019_B13621,78,61,54,193
2019_C13622,90,46,56,192
2021_C13623,89,80,61,230
2019_C13624,74,63,38,175
2019_C13625,72,84,63,219
2021_A13626,84,57,77,218
2019_A13627,71,76,74,221
2021_C13628,93,54,68,215
2021_A13629,79,93,52,224
2019_B13630,92,87,75,254
2021_C13631,93,85,35,213
2022_C13632,84,74,55,213
2022_A13633,82,79,71,232
2022_C13634,74,46,54,174
2022_B13635,91,74,43,208
2021_C13636,72,54,73,199
2019_A13637,78,46,62,186
2021_B13638,76,68,62,206
2021_A13639,76,76,65,217
2022_B13640,73,57,68,198
2021_C13641,80,69,41,190
2021_C13642,82,77,48,207
2022_C13643,82,72,78,232
2021_A13644,86,78,74,238
2022_B13645,90,71,58,219
2021_C13646,86,69,55,210
2019_C13647,97,47,79,223
2022_C13648,78,61,47,186
2022_A13649,83,70,38,191
2021_B13650,72,77,53,202
2022_C13651,71,83,44,198
2022_C13652,83,82,60,225
2019_B13653,86,83,57,226
2022_B13654,88,81,35,204
2022_C13655,89,59,38,186
2019_C13656,74,80,50,204
2022_C13657,73,62,58,193
2021_C13658,95,75,58,228
2021_B13659,81,47,58,186
2021_A13660,77,82,71,230
2021_C13661,93,82,45,220
2022_A13662,85,48,59,192
2022_C13663,95,62,75,232
2019_B13664,95,90,54,239
2019_B13665,74,61,52,187
2021_A13666,90,49,60,199
2022_B13667,94,53,49,196
2019_A13668,95,64,38,197
2022_C13669,82,73,77,232
2019_A13670,72,61,42,175
2019_B13671,75,65,62,202
2021_A13672,89,95,66,250
2019_B13673,93,72,38,203
2021_B13674,74,52,65,191
2019_C13675,82,66,74,222
2021_B13676,86,77,66,229
2019_B13677,71,47,45,163
2021_C13678,97,53,61,211
2022_C13679,77,50,64,191
2021_B13680,79,64,39,182
2021_B13681,93,86,52,231
2019_B13682,91,84,67,242
2022_B13683,80,87,73,240
2021_A13684,92,71,79,242
2019_B13685,88,76,61,225
2022_A13686,72,52,66,190
2019_A13687,78,55,40,173
2019_B13688,87,60,37,184
2022_A13689,96,57,46,199
2021_B13690,80,52,45,177
2019_B13691,82,47,76,205
2019_A13692,81,51,64,196
2019_A13693,86,77,79,242
2021_B13694,89,46,74,209
2019_A13695,96,56,70,222
2022_C13696,96,90,74,260
2022_C13697,89,75,76,240
2021_B13698,97,71,62,230
2022_C13699,77,95,50,222
2019_C13700,92,56,37,185
2021_B13701,72,83,68,223
2022_A13702,87,88,72,247
2019_A13703,76,89,72,237
2021_A13704,74,50,68,192
2021_B13705,81,73,53,207
2021_A13706,71,83,45,199
2019_B13707,81,92,79,252
2022_A13708,92,64,79,235
2019_A13709,85,82,55,222
2019_A13710,89,88,77,254
2022_B13711,81,82,58,221
2022_B13712,81,45,54,180
2021_B13713,80,45,57,182
2021_A13714,96,68,45,209
2019_C13715,71,91,48,210
2021_A13716,96,64,56,216
2021_C13717,81,52,37,170
2022_B13718,78,72,45,195
2022_B13719,97,63,38,198
2021_B13720,92,81,41,214
2022_A13721,81,83,54,218
2019_C13722,71,70,50,191
2022_B13723,71,46,68,185
2022_B13724,92,69,72,233
2021_A13725,76,95,66,237
2022_B13726,90,70,66,226
2022_C13727,84,56,39,179
2019_B13728,97,96,72,265
2021_C13729,74,59,54,187
2022_B13730,86,80,36,202
2022_B13731,92,59,56,207
2019_C13732,75,55,76,206
2021_C13733,90,48,51,189
2021_B13734,77,67,79,223
2021_C13735,91,68,68,227
2022_B13736,73,73,41,187
2021_B13737,97,48,74,219
2022_A13738,80,66,67,213
2022_A13739,89,52,51,192
2019_B13740,94,93,67,254
2021_C13741,75,91,66,232
2019_B13742,91,46,76,213
2022_C13743,90,93,55,238
2021_A13744,75,76,61,212
2022_A13745,80,51,57,188
2019_C13746,88,88,79,255
2019_A13747,83,64,54,201
2019_B13748,71,83,46,200
2022_A13749,93,92,51,236
2022_B13750,74,52,58,184
2019_C13751,79,74,72,225
2022_C13752,92,81,68,241
2022_C13753,77,80,49,206
2022_B13754,91,66,51,208
2022_A13755,76,51,36,163
2021_A13756,90,65,54,209
2022_B13757,90,84,52,226
2022_C13758,95,85,71,251
2019_C13759,78,72,72,222
2019_B13760,92,67,74,233
2019_C13761,79,91,56,226
2019_C13762,79,54,56,189
2022_A13763,80,61,73,214
2019_A13764,78,71,45,194
2021_B13765,91,70,46,207
2019_A13766,75,56,56,187
2019_C13767,96,66,74,236
2019_B13768,76,78,36,190
2022_A13769,78,81,39,198
2019_C13770,97,74,74,245
2021_C13771,92,77,53,222
2022_B13772,92,93,63,248
2021_C13773,85,75,44,204
2021_A13774,76,57,43,176
2019_C13775,96,84,40,220
2022_B13776,94,51,76,221
2022_B13777,91,54,77,222
2021_C13778,88,86,65,239
2022_C13779,87,61,59,207
2021_B13780,86,60,47,193
2019_B13781,72,45,61,178
2019_C13782,91,62,54,207
2022_B13783,87,70,55,212
2022_C13784,89,86,75,250
2019_C13785,74,75,77,226
2019_C13786,75,86,44,205
2019_B13787,88,59,61,208
2021_B13788,83,50,79,212
2019_A13789,95,83,61,239
2021_B13790,91,61,57,209
2022_C13791,90,67,79,236
2021_C13792,87,79,38,204
2019_C13793,94,88,60,242
2021_C13794,82,52,66,200
2019_C13795,76,94,42,212
2021_A13796,73,51,41,165
2021_B13797,96,49,56,201
2022_C13798,82,59,45,186
2022_B13799,82,45,64,191
2022_C13800,72,62,66,200
2019_C13801,96,63,39,198
2021_A13802,77,87,58,222
2021_A13803,96,67,54,217
2021_C13804,82,55,65,202
2022_B13805,77,93,50,220
2021_A13806,74,58,75,207
2019_C13807,76,60,53,189
2022_A13808,91,86,56,233
2019_C13809,95,70,71,236
2019_B13810,90,87,35,212
2019_A13811,95,68,70,233
2019_C13812,79,53,63,195
2022_B13813,86,94,44,224
2019_B13814,72,46,44,162
2019_A13815,90,54,76,220
2022_B13816,74,94,47,215
2021_C13817,72,91,55,218
2019_B13818,91,71,50,212
2019_A13819,89,86,72,247
2021_C13820,79,89,72,240
2022_B13821,81,75,60,216
2022_C13822,94,67,61,222
2022_B13823,79,69,58,206
2022_C13824,81,89,35,205
2022_C13825,74,92,36,202
2021_C13826,95,54,46,195
2021_A13827,85,47,37,169
2019_A13828,71,65,79,215
2022_A13829,80,81,55,216
2022_A13830,85,63,53,201
2021_B13831,81,81,39,201
2022_C13832,71,95,43,209
2019_A13833,81,85,59,225
2022_A13834,71,78,79,228
2019_A13835,78,52,49,179
2021_A13836,86,48,79,213
2021_A13837,85,67,37,189
2019_A13838,97,86,66,249
2019_C13839,73,47,64,184
2021_B13840,97,85,56,238
2022_B13841,81,49,62,192
2022_B13842,73,49,66,188
2019_C13843,87,81,46,214
2022_A13844,83,50,62,195
2019_A13845,83,59,60,202
2019_B13846,79,91,56,226
2019_C13847,88,72,53,213
2022_A13848,73,74,49,196
2022_C13849,80,73,63,216
2022_A13850,78,85,77,240
2019_A13851,93,45,67,205
2022_C13852,82,95,39,216
2021_C13853,82,52,71,205
2019_B13854,91,52,39,182
2022_A13855,83,49,52,184
2019_C13856,85,73,75,233
2019_A13857,72,66,46,184
2019_A13858,75,75,74,224
2019_A13859,76,67,77,220
2022_A13860,85,76,48,209
2019_B13861,74,85,42,201
2022_B13862,81,60,54,195
2021_A13863,86,89,64,239
2021_A13864,79,69,52,200
2019_B13865,76,67,50,193
2022_B13866,74,52,67,193
2019_C13867,87,58,72,217
2022_B13868,74,72,62,208
2022_A13869,97,61,58,216
2019_B13870,97,79,53,229
2019_B13871,72,85,36,193
2022_A13872,93,75,52,220
2021_A13873,75,73,70,218
2021_B13874,97,78,71,246
2019_B13875,92,46,56,194
2021_B13876,94,87,43,224
2021_B13877,75,71,71,217
2019_B13878,81,52,37,170
2019_B13879,94,88,43,225
2021_C13880,82,76,47,205
2022_A13881,89,53,57,199
2021_A13882,97,53,37,187
2021_C13883,95,71,65,231
2019_B13884,80,86,42,208
2022_A13885,73,94,57,224
2021_A13886,77,65,76,218
2019_A13887,73,87,64,224
2019_A13888,73,54,73,200
2019_B13889,75,71,41,187
2021_C13890,89,76,63,228
2019_C13891,81,66,50,197
2022_B13892,97,66,57,220
2022_A13893,84,93,67,244
2019_C13894,89,54,74,217
2022_C13895,78,72,70,220
2021_B13896,76,94,45,215
2022_C13897,93,82,68,243
2021_A13898,76,94,69,239
2019_B13899,77,72,53,202
2019_A13900,82,89,69,240
2022_C13901,77,56,79,212
2019_A13902,83,93,45,221
2019_C13903,72,69,72,213
2021_A13904,96,60,68,224
2021_B13905,83,61,38,182
2019_C13906,87,59,77,223
2019_A13907,74,66,41,181
2022_A13908,78,94,52,224
2021_A13909,90,91,79,260
2021_B13910,82,95,47,224
2021_B13911,73,89,54,216
2021_B13912,83,67,47,197
2019_C13913,95,61,47,203
2021_A13914,83,82,44,209
2021_A13915,72,47,48,167
2021_B13916,73,93,66,232
2021_A13917,74,71,43,188
2019_A13918,74,72,70,216
2021_A13919,83,55,61,199
2019_C13920,86,94,74,254
2022_B13921,82,55,66,203
2019_B13922,83,77,71,231
2022_A13923,75,53,35,163
2021_B13924,81,88,63,232
2022_B13925,81,69,35,185
2021_C13926,82,51,43,176
2022_B13927,92,91,60,243
2019_A13928,95,48,39,182
2022_A13929,85,59,52,196
2022_B13930,77,67,44,188
2021_C13931,97,88,45,230
2019_C13932,82,50,41,173
2022_A13933,73,90,64,227
2019_B13934,78,85,38,201
2021_B13935,79,59,54,192
2022_B13936,75,59,79,213
2019_C13937,78,45,52,175
2019_C13938,96,49,64,209
2021_A13939,83,61,73,217
2021_B13940,75,66,75,216
2019_A13941,84,72,54,210
2022_A13942,79,52,35,166
2019_A13943,86,82,47,215
2021_B13944,82,81,77,240
2021_C13945,87,52,50,189
2022_A13946,90,72,51,213
2022_A13947,94,58,39,191
2022_A13948,88,91,38,217
2021_A13949,80,79,59,218
2019_C13950,82,55,61,198
2019_C13951,82,77,49,208
2021_A13952,74,95,54,223
2021_B13953,83,80,51,214
2019_C13954,74,78,73,225
2022_B13955,83,80,76,239
2021_C13956,76,57,51,184
2019_C13957,79,96,45,220
2019_C13958,85,70,74,229
2019_A13959,93,94,52,239
2021_B13960,78,89,43,210
2022_A13961,93,61,46,200
2021_B13962,77,52,60,189
2019_B13963,93,94,52,239
2022_B13964,71,62,35,168
2019_A13965,95,65,39,199
2022_C13966,83,66,66,215
2022_B13967,75,94,40,209
2022_A13968,82,70,46,198
2021_B13969,93,95,41,229
2019_C13970,81,88,57,226
2019_A13971,85,76,71,232
2021_A13972,89,87,62,238
2022_C13973,88,76,48,212
2021_C13974,86,88,58,232
2022_A13975,82,57,73,212
2019_C13976,76,73,65,214
2019_B13977,74,60,61,195
2022_A13978,95,70,48,213
2021_A13979,74,54,44,172
2021_B13980,77,55,47,179
2019_B13981,72,51,62,185
2022_B13982,76,60,71,207
2021_C13983,75,94,37,206
2021_B13984,75,59,62,196
2019_C13985,73,50,36,159
2019_A13986,93,60,35,188
2019_A13987,96,57,42,195
2022_A13988,78,60,59,197
2019_A13989,93,71,69,233
2019_A13990,87,48,75,210
2019_C13991,82,69,46,197
2021_B13992,93,74,54,221
2019_A13993,81,80,42,203
2021_A13994,89,60,72,221
2021_C13995,76,58,40,174
2021_A13996,76,84,50,210
2019_C13997,92,91,39,222
2019_B13998,76,73,37,186
2019_A13999,93,81,69,243
2022_B14000,97,63,77,237
2019_C14001,74,63,76,213
2022_A14002,87,74,65,226
2019_B14003,93,86,59,238
2019_A14004,97,66,50,213
2022_B14005,93,81,79,253
2022_B14006,92,68,50,210
2021_B14007,71,72,68,211
2019_A14008,86,80,52,218
2021_A14009,92,46,51,189
2019_C14010,85,88,45,218
2022_C14011,89,58,76,223
2022_A14012,79,49,69,197
2021_A14013,71,90,68,229
2022_B14014,86,88,36,210
2022_B14015,83,61,73,217
2022_B14016,87,57,49,193
2022_B14017,82,72,45,199
2022_C14018,78,94,65,237
2022_C14019,94,72,36,202
2019_B14020,72,64,57,193
2019_B14021,80,79,58,217
2019_C14022,91,45,46,182
2022_B14023,96,81,47,224
2022_A14024,73,54,62,189
2019_B14025,97,75,56,228
2021_C14026,94,53,46,193
2022_C14027,89,79,55,223
2021_B14028,89,66,65,220
2021_A14029,90,89,35,214
2022_A14030,86,56,52,194
2022_A14031,88,68,46,202
2022_A14032,91,51,70,212
2022_C14033,90,58,69,217
2019_C14034,71,81,57,209
2019_A14035,86,54,45,185
2021_A14036,72,59,72,203
2021_B14037,78,64,43,185
2021_B14038,87,45,40,172
2019_C14039,87,82,50,219
2022_A14040,76,78,49,203
2022_B14041,84,80,54,218
2019_B14042,86,95,42,223
2022_A14043,96,49,62,207
2021_B14044,79,55,71,205
2019_A14045,76,83,67,226
2021_B14046,95,93,44,232
2021_A14047,94,62,76,232
2022_C14048,87,89,60,236
2021_A14049,71,65,41,177
2019_C14050,79,79,56,214
2021_C14051,95,58,77,230
2019_B14052,81,73,54,208
2019_C14053,95,67,39,201
2021_A14054,94,83,59,236
2021_B14055,77,48,68,193
2021_B14056,76,71,61,208
2021_A14057,89,79,48,216
2022_B14058,89,90,57,236
2022_C14059,82,77,67,226
2022_A14060,86,94,50,230
2019_B14061,84,89,75,248
2021_A14062,78,94,55,227
2022_C14063,85,56,71,212
2022_C14064,87,60,73,220
2021_B14065,72,90,39,201
2022_B14066,83,92,57,232
2019_B14067,96,62,35,193
2022_A14068,97,90,40,227
2022_B14069,71,51,78,200
2022_C14070,79,49,71,199
2021_B14071,73,93,77,243
2021_C14072,91,48,57,196
2022_C14073,82,53,55,190
2019_A14074,80,90,76,246
2019_A14075,77,65,54,196
2019_C14076,95,71,61,227
2019_C14077,92,74,62,228
2019_C14078,96,82,47,225
2019_C14079,92,71,78,241
2021_B14080,71,60,63,194
2019_B14081,92,50,58,200
2019_A14082,82,57,43,182
2021_A14083,93,71,54,218
2019_A14084,86,79,55,220
2022_B14085,87,52,43,182
2021_B14086,85,64,46,195
2022_C14087,84,87,54,225
2022_C14088,96,85,38,219
2021_C14089,82,64,72,218
2022_B14090,97,57,70,224
2019_A14091,87,48,75,210
2022_A14092,84,73,56,213
2021_B14093,86,71,73,230
2022_A14094,79,81,42,202
2022_A14095,93,71,57,221
2022_C14096,71,60,43,174
2021_B14097,85,49,52,186
2019_A14098,83,95,77,255
2022_C14099,77,92,76,245
2022_B14100,79,86,63,228
2019_B14101,77,69,72,218
2019_B14102,80,63,63,206
2022_A14103,79,78,60,217
2022_C14104,78,60,73,211
2019_C14105,76,74,58,208
2019_B14106,93,65,55,213
2022_C14107,81,94,61,236
2022_B14108,97,48,49,194
2021_B14109,82,81,69,232
2022_C14110,93,46,40,179
2021_B14111,77,69,35,181
2019_A14112,97,63,45,205
2022_B14113,84,79,67,230
2019_C14114,96,86,53,235
2022_B14115,82,58,79,219
2021_B14116,93,91,55,239
2022_B14117,81,57,72,210
2021_A14118,88,56,69,213
2019_C14119,91,49,38,178
2022_C14120,86,66,72,224
2021_B14121,82,53,58,193
2022_C14122,86,50,36,172
2022_B14123,77,90,76,243
2022_C14124,74,50,61,185
2019_C14125,91,84,72,247
2019_A14126,93,62,66,221
2019_B14127,92,73,53,218
2021_A14128,87,61,38,186
2021_B14129,87,92,69,248
2022_A14130,77,69,37,183
2021_C14131,84,65,70,219
2022_B14132,75,72,50,197
2022_B14133,80,46,78,204
2021_B14134,86,87,49,222
2022_A14135,90,76,67,233
2022_C14136,88,59,76,223
2022_B14137,92,80,42,214
2021_B14138,97,64,40,201
2022_A14139,80,78,72,230
2022_A14140,84,45,45,174
2019_C14141,80,96,70,246
2022_B14142,90,67,60,217
2019_C14143,90,50,76,216
2021_C14144,91,80,55,226
2022_C14145,78,54,75,207
2022_A14146,81,69,47,197
2022_C14147,83,86,78,247
2021_B14148,91,88,66,245
2022_A14149,91,86,77,254
2019_C14150,89,45,76,210
2019_C14151,78,89,54,221
2021_C14152,79,65,76,220
2019_A14153,89,64,58,211
2019_A14154,89,91,40,220
2019_B14155,71,90,59,220
2021_B14156,88,75,53,216
2019_B14157,82,70,57,209
2022_B14158,84,46,66,196
2019_A14159,81,84,45,210
2019_A14160,97,68,76,241
2022_B14161,73,53,77,203
2019_A14162,83,47,42,172
2021_C14163,73,56,59,188
2019_C14164,81,76,56,213
2019_B14165,92,80,73,245
2022_A14166,77,57,59,193
2019_C14167,83,75,55,213
2019_A14168,94,68,58,220
2022_A14169,88,57,48,193
2022_B14170,81,86,67,234
2021_B14171,90,65,66,221
2022_B14172,95,86,53,234
2019_B14173,91,47,65,203
2022_B14174,76,74,39,189
2019_B14175,74,69,58,201
2019_B14176,85,75,49,209
2022_B14177,95,95,61,251
2021_C14178,75,72,53,200
2022_A14179,76,84,75,235
2021_C14180,85,76,38,199
2021_A14181,80,61,47,188
2019_C14182,71,96,63,230
2019_A14183,85,80,52,217
2019_B14184,76,73,72,221
2019_C14185,72,91,46,209
2022_A14186,74,66,48,188
2019_A14187,79,51,65,195
2019_B14188,80,96,55,231
2021_B14189,84,66,56,206
2019_B14190,97,71,37,205
2021_A14191,93,46,40,179
2021_B14192,73,67,50,190
2021_C14193,92,60,73,225
2021_B14194,96,69,52,217
2019_C14195,77,66,36,179
2022_B14196,92,74,72,238
2019_A14197,82,72,44,198
2021_A14198,84,81,75,240
2019_C14199,75,73,59,207
2022_C14200,82,89,46,217
2019_A14201,87,71,36,194
2019_A14202,97,63,49,209
2022_B14203,87,47,47,181
2021_C14204,92,60,40,192
2022_B14205,96,70,73,239
2021_B14206,80,94,79,253
2022_C14207,86,71,49,206
2022_B14208,92,82,39,213
2022_A14209,91,67,36,194
2019_C14210,90,65,41,196
2019_A14211,82,61,63,206
2022_A14212,93,52,78,223
2022_C14213,75,85,47,207
2022_C14214,90,84,50,224
2021_C14215,88,92,37,217
2022_A14216,97,95,48,240
2021_B14217,75,69,76,220
2021_B14218,92,77,56,225
2019_A14219,73,96,45,214
2019_A14220,93,73,66,232
2022_A14221,88,50,43,181
2019_A14222,89,83,51,223
2022_B14223,77,75,49,201
2021_A14224,76,45,43,164
2021_C14225,95,75,54,224
2019_B14226,83,70,52,205
2021_B14227,93,79,44,216
2019_A14228,74,59,40,173
2021_C14229,95,60,35,190
2022_B14230,84,54,75,213
2019_B14231,84,81,73,238
2019_B14232,84,92,66,242
2019_C14233,90,67,75,232
2021_A14234,85,87,57,229
2019_B14235,87,70,42,199
2019_B14236,74,59,64,197
2021_B14237,97,69,57,223
2021_C14238,92,77,35,204
2021_B14239,91,65,47,203
2019_C14240,81,54,48,183
2021_B14241,82,55,72,209
2022_A14242,95,78,79,252
2021_B14243,90,67,63,220
2021_A14244,74,85,63,222
2021_A14245,81,45,56,182
2019_A14246,76,76,39,191
2021_C14247,92,78,56,226
2021_B14248,89,68,59,216
2021_C14249,80,49,37,166
2019_B14250,92,91,42,225
2021_B14251,74,45,76,195
2022_C14252,72,64,39,175
2019_A14253,87,50,73,210
2022_C14254,74,56,43,173
2022_C14255,86,95,60,241
2021_A14256,93,50,71,214
2019_A14257,77,57,53,187
2021_B14258,72,54,41,167
2019_B14259,94,68,49,211
2022_B14260,76,62,63,201
2021_C14261,97,54,63,214
2021_B14262,73,50,41,164
2019_B14263,77,54,41,172
2021_C14264,73,49,63,185
2022_A14265,76,69,59,204
2022_B14266,88,77,48,213
2019_B14267,84,86,45,215
2019_A14268,74,58,59,191
2021_B14269,73,81,42,196
2021_A14270,92,91,55,238
2019_C14271,73,50,75,198
2021_A14272,76,67,68,211
2022_C14273,87,66,75,228
2019_B14274,77,72,39,188
2022_A14275,89,60,60,209
2021_C14276,89,71,44,204
2022_C14277,89,63,65,217
2022_B14278,75,93,49,217
2021_B14279,97,80,67,244
2019_A14280,72,88,51,211
2021_C14281,83,77,42,202
2022_A14282,74,92,68,234
2019_C14283,82,90,61,233
2019_B14284,77,51,67,195
2021_C14285,78,59,75,212
2019_C14286,88,94,52,234
2021_C14287,82,91,53,226
2021_C14288,84,93,47,224
2022_C14289,85,78,52,215
2019_A14290,80,84,36,200
2021_C14291,94,90,68,252
2021_B14292,94,79,72,245
2021_B14293,75,82,66,223
2019_B14294,92,71,66,229
2022_C14295,92,70,58,220
2022_B14296,97,81,65,243
2021_A14297,93,55,56,204
2019_B14298,74,47,79,200
2019_C14299,79,81,58,218
2021_C14300,86,50,61,197
2022_B14301,71,79,73,223
2019_A14302,94,54,42,190
2019_C14303,86,56,67,209
2021_B14304,91,93,63,247
2019_A14305,89,92,74,255
2022_B14306,83,64,50,197
2022_B14307,79,91,60,230
2019_A14308,90,66,78,234
2021_A14309,81,68,44,193
2022_A14310,80,65,36,181
2022_C14311,84,81,36,201
2021_A14312,97,76,78,251
2022_B14313,81,47,73,201
2022_C14314,85,56,47,188
2021_A14315,72,61,44,177
2019_A14316,87,46,76,209
2022_A14317,90,70,70,230
2019_C14318,90,66,77,233
2022_C14319,97,96,72,265
2021_C14320,84,82,41,207
2022_A14321,89,58,38,185
2021_C14322,75,57,56,188
2019_B14323,72,69,51,192
2022_B14324,81,78,60,219
2022_B14325,79,61,54,194
2019_C14326,76,64,76,216
2022_C14327,84,79,55,218
2019_B14328,89,55,51,195
2019_C14329,81,53,42,176
2022_C14330,85,53,73,211
2021_C14331,75,79,66,220
2022_A14332,93,53,67,213
2019_B14333,82,95,64,241
2022_A14334,94,54,55,203
2021_C14335,79,74,50,203
2019_B14336,87,66,75,228
2019_A14337,89,87,55,231
2021_C14338,95,78,57,230
2019_B14339,72,77,71,220
2021_B14340,94,95,46,235
2021_A14341,87,67,38,192
2019_C14342,82,49,64,195
2022_A14343,72,62,47,181
2022_C14344,74,45,46,165
2022_A14345,79,51,74,204
2021_A14346,94,50,40,184
2021_C14347,92,82,37,211
2019_C14348,80,66,44,190
2022_A14349,92,80,52,224
2019_C14350,94,78,36,208
2022_B14351,96,85,45,226
2022_C14352,78,83,37,198
2022_B14353,96,56,72,224
2021_A14354,84,80,43,207
2021_A14355,73,58,43,174
2021_C14356,85,50,73,208
2021_C14357,79,89,42,210
2022_C14358,82,64,54,200
2021_A14359,92,73,43,208
2022_A14360,77,72,70,219
2022_B14361,91,48,60,199
2021_C14362,75,69,42,186
2022_A14363,80,73,78,231
2019_C14364,89,53,68,210
2019_B14365,76,55,71,202
2019_B14366,88,82,55,225
2019_B14367,88,83,77,248
2022_A14368,85,87,60,232
2019_A14369,77,53,52,182
2021_A14370,84,81,76,241
2022_B14371,87,77,56,220
2022_A14372,80,93,76,249
2022_C14373,71,48,36,155
2019_B14374,77,64,61,202
2022_C14375,91,87,67,245
2022_B14376,87,49,37,173
2021_B14377,71,47,56,174
2022_B14378,97,53,63,213
2019_A14379,89,85,64,238
2019_B14380,72,87,63,222
2022_C14381,95,89,73,257
2022_B14382,80,93,44,217
2022_A14383,83,47,58,188
2019_B14384,73,52,73,198
2022_A14385,80,72,63,215
2019_B14386,93,71,66,230
2019_C14387,77,45,53,175
2019_C14388,73,89,66,228
2019_B14389,90,71,77,238
2019_B14390,82,67,67,216
2022_B14391,71,81,59,211
2019_B14392,87,51,61,199
2019_A14393,79,55,78,212
2019_A14394,77,58,42,177
2019_C14395,84,80,67,231
2021_C14396,77,73,42,192
2021_B14397,94,59,37,190
2022_B14398,92,45,43,180
2019_C14399,88,62,51,201
2022_C14400,94,55,52,201
2021_C14401,76,82,64,222
2022_B14402,78,69,59,206
2022_B14403,82,66,47,195
2021_C14404,84,79,36,199
2022_B14405,88,84,76,248
2021_B14406,94,88,53,235
2019_A14407,74,94,60,228
2019_A14408,82,79,53,214
2021_C14409,93,50,75,218
2021_A14410,96,77,44,217
2021_C14411,81,46,66,193
2021_A14412,79,90,54,223
2019_A14413,73,54,63,190
2022_B14414,87,96,65,248
2022_B14415,78,60,37,175
2021_C14416,92,95,39,226
2021_B14417,72,62,65,199
2022_A14418,91,72,75,238
2022_A14419,71,84,59,214
2019_B14420,72,58,41,171
2019_C14421,79,63,77,219
2019_C14422,75,45,63,183
2022_A14423,82,73,53,208
2021_B14424,96,46,37,179
2021_B14425,95,60,63,218
2019_B14426,79,56,63,198
2022_A14427,80,66,72,218
2022_B14428,83,69,59,211
2022_B14429,72,58,45,175
2021_B14430,86,59,55,200
2019_B14431,95,46,79,220
2021_B14432,94,94,49,237
2019_C14433,79,95,40,214
2022_A14434,87,71,49,207
2022_A14435,83,49,42,174
2019_C14436,89,46,72,207
2022_A14437,71,71,76,218
2021_A14438,72,87,46,205
2021_A14439,78,47,73,198
2022_C14440,96,54,60,210
2022_C14441,82,87,70,239
2019_B14442,79,87,43,209
2019_C14443,89,62,64,215
2021_C14444,82,84,45,211
2021_A14445,85,59,69,213
2019_A14446,87,60,65,212
2021_B14447,77,62,53,192
2021_B14448,81,73,43,197
2019_A14449,85,50,59,194
2021_C14450,81,53,39,173
2019_C14451,82,68,77,227
2019_C14452,84,50,69,203
2022_A14453,76,62,79,217
2021_B14454,74,84,48,206
2021_B14455,83,84,38,205
2019_C14456,90,48,49,187
2022_B14457,93,55,38,186
2019_A14458,82,83,43,208
2021_C14459,75,83,50,208
2019_A14460,92,49,39,180
2021_A14461,90,51,77,218
2021_B14462,82,84,36,202
2021_A14463,79,96,42,217
2021_C14464,79,58,71,208
2021_C14465,81,63,66,210
2021_B14466,82,89,52,223
2022_A14467,93,47,45,185
2022_C14468,78,62,50,190
2021_A14469,83,56,50,189
2019_C14470,82,56,39,177
2019_A14471,82,87,58,227
2022_C14472,76,54,72,202
2019_C14473,93,86,58,237
2021_B14474,82,79,75,236
2019_B14475,88,85,43,216
2019_C14476,97,93,76,266
2022_A14477,93,90,47,230
2022_A14478,88,68,79,235
2021_A14479,76,54,57,187
2019_B14480,85,61,50,196
2021_C14481,77,88,73,238
2019_C14482,93,52,70,215
2022_C14483,73,57,61,191
2019_A14484,88,49,66,203
2021_C14485,71,45,41,157
2021_C14486,75,90,37,202
2019_A14487,97,78,74,249
2022_A14488,83,47,69,199
2019_C14489,88,63,70,221
2021_C14490,76,75,72,223
2022_C14491,79,66,53,198
2022_B14492,80,56,39,175
2022_B14493,85,51,45,181
2021_C14494,73,96,54,223
2022_C14495,79,63,61,203
2019_A14496,87,59,63,209
2019_C14497,82,70,37,189
2022_A14498,94,65,61,220
2021_B14499,84,54,50,188
2021_B14500,89,69,59,217
2019_C14501,71,94,65,230
2021_A14502,84,76,69,229
2022_C14503,75,46,74,195
2021_C14504,97,62,73,232
2022_C14505,82,46,42,170
2022_A14506,94,65,38,197
2021_C14507,76,63,55,194
2022_C14508,95,93,62,250
2022_B14509,95,70,76,241
2021_B14510,77,48,73,198
2021_A14511,80,90,73,243
2022_B14512,76,61,51,188
2019_C14513,76,61,52,189
2022_C14514,87,83,36,206
2022_A14515,75,81,58,214
2022_A14516,81,58,36,175
2021_B14517,84,74,50,208
2021_A14518,82,58,54,194
2022_B14519,81,85,45,211
2019_C14520,72,95,38,205
2021_C14521,83,64,47,194
2022_C14522,95,62,43,200
2022_B14523,89,80,62,231
2021_A14524,74,86,65,225
2021_B14525,76,70,76,222
2019_A14526,75,80,36,191
2021_C14527,93,45,72,210
2019_A14528,85,78,58,221
2021_B14529,73,45,48,166
2019_C14530,73,84,60,217
2022_C14531,79,95,51,225
2019_C14532,72,79,52,203
2021_A14533,96,83,69,248
2022_C14534,76,71,64,211
2019_A14535,94,82,48,224
2021_B14536,76,73,48,197
2022_B14537,76,64,79,219
2021_A14538,84,53,43,180
2022_A14539,79,79,46,204
2021_A14540,72,92,60,224
2021_B14541,79,63,50,192
2021_B14542,77,83,51,211
2022_B14543,75,78,71,224
2021_C14544,93,93,75,261
2019_C14545,79,57,71,207
2019_C14546,74,74,48,196
2021_B14547,91,75,49,215
2022_C14548,96,86,45,227
2022_C14549,71,67,39,177
2021_B14550,78,92,43,213
2022_A14551,75,58,37,170
2022_A14552,78,51,51,180
2022_A14553,89,67,76,232
2019_C14554,91,64,49,204
2021_B14555,85,45,57,187
2022_C14556,83,67,56,206
2019_A14557,79,96,69,244
2021_B14558,79,87,75,241
2022_C14559,85,95,37,217
2019_C14560,77,55,53,185
2021_B14561,71,59,68,198
2019_A14562,82,94,58,234
2021_B14563,90,95,63,248
2019_B14564,78,77,70,225
2022_B14565,94,53,48,195
2022_A14566,77,78,57,212
2019_A14567,93,45,68,206
2021_C14568,90,47,43,180
2019_A14569,79,53,51,183
2022_C14570,81,74,44,199
2019_A14571,94,94,79,267
2019_A14572,95,79,70,244
2021_A14573,83,64,48,195
2022_B14574,74,77,64,215
2019_A14575,74,71,35,180
2022_B14576,88,93,56,237
2019_C14577,83,65,63,211
2019_C14578,88,65,66,219
2021_C14579,86,93,54,233
2022_A14580,93,68,46,207
2019_A14581,83,80,42,205
2022_A14582,71,52,42,165
2022_A14583,82,61,52,195
2021_C14584,72,78,74,224
2019_C14585,87,59,79,225
2019_B14586,89,50,43,182
2022_C14587,74,93,74,241
2021_B14588,71,68,72,211
2022_B14589,81,45,53,179
2021_C14590,88,90,39,217
2022_B14591,74,45,62,181
2022_B14592,90,64,76,230
2021_C14593,73,58,64,195
2019_C14594,86,46,78,210
2019_C14595,73,96,35,204
2021_A14596,81,46,69,196
2019_B14597,72,92,59,223
2021_B14598,95,69,63,227
2019_B14599,85,75,78,238
2019_B14600,71,85,59,215
2022_B14601,93,53,63,209
2021_A14602,92,48,75,215
2019_C14603,72,93,46,211
2021_C14604,82,87,72,241
2019_B14605,81,59,73,213
2022_B14606,97,64,73,234
2021_C14607,97,81,62,240
2022_A14608,73,70,68,211
2021_B14609,92,93,36,221
2019_B14610,76,55,75,206
2021_A14611,93,96,70,259
2022_C14612,95,73,45,213
2019_C14613,71,74,54,199
2019_C14614,82,67,75,224
2022_C14615,92,90,46,228
2021_B14616,82,94,58,234
2019_B14617,74,52,55,181
2022_B14618,96,62,47,205
2019_A14619,84,84,58,226
2019_A14620,96,78,39,213
2022_C14621,71,74,61,206
2022_B14622,94,46,78,218
2022_A14623,95,63,75,233
2022_A14624,96,80,71,247
2022_B14625,75,50,56,181
2021_B14626,94,78,46,218
2022_B14627,79,55,54,188
2021_A14628,78,60,42,180
2021_C14629,93,88,67,248
2021_C14630,87,95,35,217
2019_B14631,96,55,78,229
2021_B14632,94,79,49,222
2021_C14633,71,52,35,158
2019_A14634,93,88,71,252
2022_A14635,91,77,79,247
2021_A14636,87,79,70,236
2021_A14637,71,78,74,223
2021_C14638,71,83,49,203
2022_A14639,73,96,77,246
2021_A14640,78,86,54,218
2022_C14641,77,90,78,245
2022_A14642,83,86,35,204
2021_A14643,84,58,66,208
2022_B14644,88,68,64,220
2021_C14645,85,46,40,171
2019_B14646,85,53,37,175
2021_A14647,89,47,49,185
2022_B14648,97,64,35,196
2019_A14649,94,45,65,204
2021_C14650,75,92,60,227
2022_A14651,75,73,70,218
2019_B14652,80,79,72,231
2021_B14653,71,78,71,220
2019_C14654,82,72,69,223
2019_A14655,90,73,61,224
2022_C14656,96,77,68,241
2019_C14657,72,55,55,182
2022_A14658,78,70,74,222
2019_B14659,82,48,73,203
2019_B14660,74,79,46,199
2022_C14661,95,89,64,248
2021_B14662,78,51,48,177
2019_C14663,86,76,74,236
2019_C14664,71,85,58,214
2021_B14665,94,57,43,194
2022_C14666,73,78,69,220
2021_A14667,78,86,68,232
2021_B14668,73,88,56,217
2021_A14669,92,56,71,219
2021_B14670,85,49,65,199
2021_B14671,72,57,49,178
2021_A14672,84,63,46,193
2022_B14673,80,70,39,189
2019_A14674,75,51,36,162
2019_C14675,79,55,73,207
2019_B14676,83,55,61,199
2022_A14677,85,91,69,245
2022_B14678,76,48,38,162
2021_C14679,79,95,47,221
2019_B14680,90,65,61,216
2019_C14681,88,46,62,196
2019_C14682,86,79,66,231
2021_C14683,81,51,47,179
2021_C14684,80,65,44,189
2022_A14685,74,72,51,197
2021_B14686,82,57,54,193
2021_A14687,89,96,55,240
2019_A14688,73,93,63,229
2022_B14689,83,68,43,194
2021_A14690,91,82,53,226
2022_B14691,71,83,71,225
2019_B14692,94,67,62,223
2021_B14693,71,92,58,221
2019_B14694,77,85,47,209
2022_C14695,88,83,36,207
2021_A14696,84,53,43,180
2022_C14697,86,66,75,227
2021_A14698,71,68,37,176
2022_C14699,79,90,78,247
2021_B14700,87,95,61,243
2019_A14701,74,75,45,194
2022_C14702,86,96,74,256
2019_B14703,78,84,74,236
2022_A14704,77,55,43,175
2019_C14705,90,55,52,197
2022_B14706,71,57,64,192
2021_B14707,77,52,59,188
2021_C14708,94,87,54,235
2019_C14709,86,82,60,228
2021_A14710,95,68,40,203
2022_A14711,89,55,45,189
2019_C14712,83,56,42,181
2019_C14713,76,90,49,215
2022_C14714,77,48,57,182
2021_B14715,86,45,58,189
2022_C14716,88,63,50,201
2019_A14717,84,51,65,200
2022_A14718,90,62,61,213
2019_C14719,80,92,44,216
2022_C14720,93,96,70,259
2021_A14721,77,74,76,227
2022_C14722,71,67,35,173
2022_A14723,82,95,75,252
2022_C14724,90,71,39,200
2021_A14725,77,86,78,241
2022_B14726,91,51,39,181
2022_A14727,89,76,62,227
2021_C14728,86,70,54,210
2021_A14729,84,46,58,188
2022_A14730,72,68,77,217
2019_A14731,81,84,48,213
2021_C14732,77,82,69,228
2021_B14733,94,82,35,211
2022_B14734,73,88,69,230
2022_B14735,77,95,59,231
2021_C14736,84,53,79,216
2022_A14737,97,47,60,204
2022_A14738,75,87,55,217
2019_C14739,76,73,65,214
2022_B14740,85,88,53,226
2019_B14741,94,59,52,205
2019_A14742,77,89,35,201
2021_C14743,95,72,55,222
2019_C14744,91,56,65,212
2019_C14745,88,47,73,208
2022_B14746,93,84,57,234
2022_B14747,83,65,44,192
2022_C14748,82,89,58,229
2022_C14749,82,87,73,242
2022_C14750,94,54,56,204
2022_A14751,84,79,78,241
2022_C14752,76,64,47,187
2019_A14753,71,53,62,186
2022_C14754,77,56,56,189
2019_A14755,84,47,77,208
2022_B14756,86,91,49,226
2021_C14757,82,94,40,216
2022_A14758,71,57,46,174
2019_A14759,85,51,40,176
2021_B14760,73,89,42,204
2019_A14761,74,68,66,208
2022_A14762,97,82,57,236
2019_B14763,73,56,54,183
2021_A14764,76,77,60,213
2022_C14765,96,60,72,228
2019_B14766,94,71,54,219
2021_C14767,97,82,57,236
2019_B14768,80,92,76,248
2022_C14769,87,60,79,226
2019_B14770,81,53,43,177
2021_B14771,85,79,58,222
2021_A14772,83,49,63,195
2019_A14773,79,78,75,232
2021_C14774,84,73,58,215
2022_B14775,85,48,67,200
2022_C14776,91,54,68,213
2019_B14777,79,45,68,192
2019_A14778,71,80,61,212
2021_C14779,88,57,38,183
2022_C14780,94,87,45,226
2022_B14781,80,67,46,193
2021_B14782,77,92,59,228
2022_B14783,72,77,78,227
2022_B14784,81,68,70,219
2022_B14785,90,49,51,190
2019_C14786,97,85,54,236
2022_A14787,71,74,79,224
2019_C14788,82,85,55,222
2021_C14789,95,49,51,195
2022_C14790,91,93,49,233
2019_B14791,77,76,73,226
2019_A14792,93,85,78,256
2022_A14793,83,92,35,210
2019_C14794,82,79,64,225
2022_C14795,88,49,43,180
2019_A14796,86,54,57,197
2021_A14797,89,53,68,210
2022_C14798,86,66,45,197
2021_A14799,72,90,56,218
2022_C14800,75,79,37,191
2019_B14801,88,51,59,198
2022_A14802,90,82,68,240
2019_C14803,73,58,60,191
2019_A14804,82,80,77,239
2022_A14805,85,55,65,205
2021_B14806,83,70,58,211
2019_C14807,79,87,37,203
2021_B14808,80,60,69,209
2021_C14809,84,81,78,243
2021_A14810,84,68,57,209
2022_A14811,91,96,61,248
2019_A14812,72,76,37,185
2021_C14813,74,57,48,179
2021_C14814,91,64,60,215
2019_A14815,78,93,37,208
2022_B14816,94,96,60,250
2021_C14817,92,62,60,214
2019_B14818,74,80,41,195
2019_C14819,85,86,40,211
2022_C14820,90,79,51,220
2022_C14821,93,49,43,185
2022_B14822,84,79,67,230
2021_B14823,73,83,59,215
2021_B14824,92,91,45,228
2021_A14825,88,64,61,213
2021_B14826,82,93,49,224
2021_A14827,75,70,55,200
2022_C14828,96,73,65,234
2019_C14829,93,88,77,258
2019_A14830,79,69,77,225
2021_A14831,77,80,60,217
2021_C14832,77,48,37,162
2021_A14833,78,55,41,174
2022_C14834,89,51,44,184
2021_B14835,92,88,43,223
2019_B14836,91,74,66,231
2019_C14837,94,62,42,198
2022_C14838,79,61,75,215
2022_C14839,93,53,38,184
2019_B14840,72,75,36,183
2019_A14841,82,71,67,220
2019_A14842,83,77,74,234
2019_B14843,79,55,72,206
2022_A14844,85,87,43,215
2022_A14845,74,76,75,225
2019_C14846,92,46,50,188
2022_A14847,76,96,38,210
2019_C14848,94,46,54,194
2022_C14849,89,82,62,233
2022_B14850,82,64,67,213
2022_C14851,71,66,79,216
2022_A14852,88,55,52,195
2019_B14853,74,72,63,209
2022_A14854,80,49,41,170
2022_A14855,85,94,48,227
2021_C14856,87,88,56,231
2019_B14857,86,67,72,225
2021_A14858,81,91,55,227
2019_C14859,79,84,56,219
2022_C14860,96,86,43,225
2019_A14861,72,76,54,202
2022_B14862,77,56,68,201
2021_A14863,74,90,71,235
2021_A14864,88,78,37,203
2021_A14865,73,94,79,246
2022_C14866,86,50,63,199
2022_B14867,74,71,69,214
2021_A14868,96,60,59,215
2022_C14869,93,79,44,216
2021_A14870,84,60,77,221
2021_C14871,77,58,41,176
2022_A14872,95,95,37,227
2022_B14873,84,77,36,197
2021_A14874,82,72,45,199
2019_A14875,86,47,66,199
2019_B14876,92,89,51,232
2022_A14877,85,69,47,201
2022_B14878,92,78,43,213
2021_C14879,89,52,36,177
2021_C14880,95,55,62,212
2019_A14881,75,73,60,208
2022_B14882,81,47,50,178
2022_B14883,79,54,57,190
2022_C14884,95,46,67,208
2021_A14885,87,45,74,206
2019_C14886,84,56,75,215
2019_A14887,91,54,39,184
2021_C14888,96,48,36,180
2019_B14889,79,93,65,237
2021_A14890,90,71,66,227
2019_C14891,78,66,56,200
2021_C14892,79,84,67,230
2019_C14893,85,60,70,215
2021_C14894,77,57,55,189
2021_B14895,82,86,54,222
2019_A14896,79,49,45,173
2021_B14897,73,92,43,208
2021_A14898,82,88,47,217
2019_A14899,78,64,74,216
2021_B14900,84,96,58,238
2021_C14901,95,52,78,225
2019_B14902,96,71,47,214
2021_B14903,91,86,35,212
2021_B14904,75,51,41,167
2022_A14905,91,75,79,245
2019_A14906,71,50,49,170
2022_B14907,80,47,51,178
2022_C14908,76,50,59,185
2019_C14909,81,72,53,206
2021_C14910,84,86,72,242
2022_C14911,85,86,64,235
2021_C14912,94,48,58,200
2021_A14913,97,82,69,248
2022_A14914,79,82,44,205
2022_C14915,86,59,53,198
2019_A14916,76,56,39,171
2022_B14917,87,78,79,244
2022_A14918,73,72,78,223
2021_A14919,72,94,66,232
2022_C14920,97,48,35,180
2022_A14921,75,76,59,210
2022_B14922,90,79,41,210
2019_B14923,97,87,51,235
2021_B14924,86,66,58,210
2019_A14925,92,70,66,228
2022_C14926,89,71,62,222
2019_A14927,75,75,55,205
2022_A14928,85,58,40,183
2019_C14929,83,76,69,228
2021_C14930,82,79,65,226
2022_A14931,84,47,65,196
2022_B14932,89,86,45,220
2021_C14933,79,46,38,163
2022_B14934,74,90,58,222
2021_C14935,74,72,42,188
2019_B14936,97,64,67,228
2021_A14937,78,89,45,212
2022_C14938,87,68,57,212
2019_B14939,90,69,74,233
2019_B14940,92,72,76,240
2019_C14941,93,74,48,215
2019_B14942,75,69,46,190
2021_A14943,81,61,49,191
2022_C14944,90,69,54,213
2021_B14945,85,62,38,185
2022_C14946,96,65,43,204
2022_A14947,76,50,71,197
2019_A14948,74,60,52,186
2019_A14949,72,96,78,246
2021_A14950,94,61,39,194
2021_B14951,82,66,57,205
2022_C14952,82,56,44,182
2021_B14953,95,85,72,252
2019_C14954,74,81,45,200
2019_A14955,71,73,43,187
2019_B14956,72,53,42,167
2021_B14957,79,96,60,235
2019_B14958,88,79,44,211
2022_B14959,79,91,74,244
2019_C14960,84,90,49,223
2021_C14961,84,87,43,214
2019_A14962,80,81,78,239
2019_B14963,74,47,62,183
2022_A14964,80,81,41,202
2019_C14965,91,49,53,193
2021_A14966,77,63,60,200
2019_B14967,90,61,62,213
2022_C14968,94,94,40,228
2019_A14969,73,50,72,195
2022_B14970,94,46,53,193
2021_A14971,77,82,76,235
2022_C14972,82,88,74,244
2022_C14973,97,61,57,215
2021_B14974,90,85,73,248
2022_B14975,79,83,61,223
2021_B14976,84,49,46,179
2021_A14977,72,85,74,231
2022_A14978,74,52,56,182
2021_A14979,75,52,58,185
2022_C14980,89,60,76,225
2022_B14981,93,64,39,196
2021_C14982,94,65,69,228
2019_B14983,95,58,44,197
2022_B14984,76,85,36,197
2021_A14985,96,83,50,229
2021_B14986,74,76,72,222
2022_A14987,95,89,41,225
2021_B14988,97,56,41,194
2022_B14989,87,84,41,212
2019_B14990,78,86,73,237
2022_C14991,82,78,51,211
2021_B14992,92,78,56,226
2022_A14993,88,86,37,211
2022_A14994,71,77,60,208
2019_B14995,79,49,40,168
2021_B14996,74,62,62,198
2021_C14997,80,94,44,218
2022_C14998,83,46,65,194
2019_A14999,86,94,63,243
2022_C15000,81,70,41,192
2022_B15001,74,83,58,215
2022_A15002,85,92,58,235
2019_C15003,71,89,59,219
2021_C15004,77,69,39,185
2022_B15005,81,71,42,194
2022_A15006,72,46,70,188
2021_A15007,72,76,55,203
2021_C15008,72,88,69,229
2022_C15009,87,86,51,224
2022_A15010,95,79,39,213
2022_B15011,89,94,38,221
2021_C15012,93,54,72,219
2019_B15013,88,79,38,205
2022_C15014,84,53,74,211
2021_B15015,76,46,55,177
2021_A15016,84,77,35,196
2019_A15017,89,52,47,188
2022_C15018,80,56,67,203
2021_C15019,76,66,55,197
2022_B15020,76,77,66,219
2021_C15021,90,92,69,251
2019_B15022,79,51,65,195
2022_A15023,97,51,65,213
2022_A15024,86,91,56,233
2022_C15025,96,81,35,212
2021_C15026,95,48,62,205
2019_B15027,74,45,79,198
2022_C15028,89,77,79,245
2022_C15029,75,89,45,209
2019_A15030,90,76,48,214
2022_A15031,85,66,60,211
2019_A15032,87,48,56,191
2021_A15033,83,69,54,206
2022_C15034,87,51,65,203
2022_B15035,80,64,51,195
2022_C15036,85,68,54,207
2022_C15037,88,84,78,250
2022_B15038,94,86,69,249
2019_A15039,71,86,58,215
2019_C15040,81,62,62,205
2022_A15041,74,74,48,196
2022_B15042,95,61,46,202
2021_A15043,93,72,51,216
2021_A15044,90,73,72,235
2022_C15045,97,54,67,218
2019_C15046,72,66,71,209
2022_A15047,82,91,41,214
2019_A15048,80,48,64,192
2019_A15049,74,80,42,196
2022_A15050,75,55,73,203
2019_C15051,87,45,41,173
2021_A15052,71,74,54,199
2021_B15053,78,86,73,237
2021_A15054,75,90,78,243
2019_B15055,91,47,39,177
2021_B15056,75,65,41,181
2022_B15057,88,81,39,208
2021_B15058,82,64,54,200
2021_B15059,71,76,47,194
2019_B15060,88,80,61,229
2019_B15061,92,60,41,193
2021_C15062,79,67,38,184
2022_C15063,83,50,66,199
2019_C15064,85,45,68,198
2022_B15065,78,68,68,214
2019_B15066,86,82,65,233
2019_A15067,94,74,37,205
2021_C15068,76,51,53,180
2019_C15069,71,65,69,205
2021_C15070,84,45,67,196
2019_A15071,84,51,72,207
2019_C15072,81,73,44,198
2021_C15073,79,82,54,215
2022_B15074,79,84,50,213
2022_A15075,90,47,63,200
2019_B15076,82,46,60,188
2019_B15077,79,70,47,196
2021_B15078,87,92,65,244
2021_A15079,84,76,68,228
2019_B15080,90,62,74,226
2019_B15081,95,68,57,220
2021_B15082,80,71,43,194
2021_C15083,76,63,35,174
2022_B15084,80,79,70,229
2019_A15085,96,93,64,253
2019_C15086,73,96,41,210
2022_A15087,89,91,45,225
2019_B15088,87,82,61,230
2022_C15089,84,75,51,210
2022_C15090,86,57,43,186
2021_C15091,84,62,39,185
2021_A15092,71,79,53,203
2022_C15093,96,77,71,244
2022_B15094,93,62,76,231
2021_C15095,86,55,76,217
2021_B15096,88,79,60,227
2019_A15097,77,68,74,219
2019_A15098,83,60,64,207
2019_C15099,72,72,70,214
2022_A15100,87,79,64,230
2021_A15101,79,57,39,175
2022_C15102,91,50,62,203
2019_A15103,87,77,64,228
2019_B15104,92,82,45,219
2021_A15105,96,73,69,238
2021_B15106,87,50,76,213
2021_B15107,78,60,55,193
2021_C15108,94,62,44,200
2021_C15109,79,70,53,202
2022_C15110,92,67,56,215
2022_C15111,82,70,42,194
2022_C15112,77,63,67,207
2022_C15113,95,69,45,209
2021_C15114,72,95,56,223
2022_B15115,85,88,62,235
2019_A15116,79,79,61,219
2019_B15117,90,59,49,198
2022_A15118,86,47,40,173
2019_A15119,73,56,43,172
2019_C15120,73,59,75,207
2021_B15121,75,65,46,186
2021_C15122,71,69,57,197
2021_C15123,90,72,67,229
2022_C15124,79,72,71,222
2019_A15125,86,74,70,230
2022_A15126,79,57,72,208
2021_A15127,75,47,43,165
2022_A15128,90,74,49,213
2021_C15129,75,74,45,194
2021_A15130,81,48,67,196
2022_B15131,85,54,74,213
2022_B15132,87,49,66,202
2019_A15133,84,85,66,235
2022_A15134,89,61,41,191
2022_C15135,83,51,48,182
2021_C15136,93,91,78,262
2022_B15137,91,72,60,223
2022_B15138,76,83,35,194
2019_A15139,86,46,37,169
2022_A15140,90,73,41,204
2021_B15141,93,70,79,242
2022_C15142,95,70,64,229
2021_A15143,84,58,60,202
2021_B15144,85,46,71,202
2021_B15145,82,90,56,228
2019_B15146,78,56,52,186
2021_A15147,85,80,53,218
2019_C15148,86,50,72,208
2022_A15149,92,87,79,258
2022_A15150,97,67,76,240
2019_A15151,78,54,76,208
2022_B15152,76,71,79,226
2021_C15153,87,49,70,206
2022_B15154,73,90,67,230
2022_A15155,97,76,64,237
2021_B15156,75,53,77,205
2021_A15157,94,89,66,249
2022_C15158,76,60,79,215
2021_B15159,87,50,62,199
2021_A15160,85,67,53,205
2019_C15161,95,65,45,205
2019_A15162,93,92,65,250
2021_C15163,86,94,44,224
2022_A15164,76,54,56,186
2019_B15165,84,52,73,209
2022_C15166,84,64,51,199
2019_A15167,84,78,42,204
2021_A15168,88,47,66,201
2022_A15169,81,93,70,244
2022_C15170,73,94,75,242
2022_C15171,72,62,37,171
2021_B15172,93,78,74,245
2021_A15173,77,83,50,210
2021_C15174,83,91,62,236
2022_B15175,82,53,61,196
2021_C15176,73,77,52,202
2021_B15177,93,58,59,210
2022_C15178,93,46,56,195
2022_A15179,86,58,43,187
2019_C15180,79,62,58,199
2019_A15181,87,77,65,229
2022_C15182,82,88,47,217
2022_A15183,92,56,63,211
2019_A15184,94,96,38,228
2021_B15185,96,68,47,211
2019_C15186,85,84,62,231
2021_A15187,75,82,53,210
2022_A15188,91,70,45,206
2019_B15189,92,90,60,242
2022_B15190,95,56,78,229
2019_B15191,76,81,68,225
2022_C15192,72,65,61,198
2022_C15193,97,91,73,261
2019_C15194,77,49,77,203
2021_B15195,73,92,41,206
2022_A15196,74,70,71,215
2021_A15197,93,96,43,232
2021_C15198,94,72,52,218
2021_C15199,73,56,72,201
2021_A15200,94,61,46,201
2021_B15201,74,72,52,198
2019_A15202,85,67,74,226
2021_B15203,74,66,41,181
2019_A15204,96,77,60,233
2021_B15205,79,52,45,176
2021_C15206,72,76,70,218
2019_A15207,96,65,76,237
2022_A15208,77,57,75,209
2021_B15209,71,62,39,172
2021_A15210,93,76,43,212
2021_B15211,74,58,50,182
2022_B15212,87,76,64,227
2021_C15213,80,59,53,192
2022_A15214,85,89,54,228
2021_A15215,96,51,60,207
2022_B15216,72,76,51,199
2022_C15217,77,61,74,212
2021_A15218,90,67,65,222
2019_A15219,91,68,43,202
2021_C15220,79,54,59,192
2019_B15221,71,93,75,239
2022_A15222,97,45,49,191
2021_A15223,97,86,70,253
2022_B15224,72,63,51,186
2021_A15225,78,71,66,215
2022_C15226,72,88,60,220
2019_A15227,74,85,77,236
2022_C15228,92,63,67,222
2019_A15229,76,76,71,223
2019_C15230,73,51,76,200
2021_C15231,87,82,68,237
2021_C15232,76,90,54,220
2022_B15233,97,70,71,238
2021_C15234,90,57,43,190
2019_B15235,97,85,55,237
2019_B15236,96,76,42,214
2022_A15237,91,48,43,182
2019_C15238,84,88,64,236
2021_C15239,91,70,68,229
2021_B15240,72,47,62,181
2022_C15241,97,49,45,191
2019_A15242,97,95,53,245
2022_B15243,74,72,76,222
2021_A15244,93,86,56,235
2022_C15245,95,56,48,199
2019_B15246,84,46,58,188
2019_C15247,83,56,40,179
2022_C15248,76,77,68,221
2019_C15249,71,68,40,179
2021_B15250,77,84,59,220
2022_C15251,82,87,70,239
2019_C15252,85,80,61,226
2019_B15253,83,49,65,197
2021_A15254,73,76,52,201
2022_A15255,89,53,69,211
2022_C15256,89,74,52,215
2021_A15257,83,58,57,198
2021_C15258,90,91,77,258
2022_C15259,93,73,40,206
2022_A15260,73,69,61,203
2019_C15261,91,73,78,242
2021_B15262,71,92,70,233
2019_B15263,89,67,47,203
2021_C15264,95,50,41,186
2022_B15265,93,80,41,214
2021_C15266,92,68,56,216
2019_B15267,73,45,52,170
2019_B15268,93,59,48,200
2022_B15269,96,49,47,192
2022_C15270,79,90,59,228
2022_B15271,72,46,68,186
2019_A15272,78,88,38,204
2021_C15273,85,90,74,249
2019_C15274,80,68,66,214
2019_C15275,88,49,41,178
2019_C15276,72,84,78,234
2019_C15277,75,46,76,197
2022_A15278,94,96,66,256
2019_A15279,94,95,43,232
2021_A15280,92,89,61,242
2021_C15281,86,66,44,196
2022_B15282,89,75,37,201
2022_B15283,95,67,75,237
2022_B15284,91,60,74,225
2019_A15285,81,92,56,229
2021_B15286,74,87,77,238
2021_C15287,96,70,48,214
2021_A15288,74,56,79,209
2021_A15289,86,88,78,252
2022_B15290,74,64,61,199
2022_A15291,97,92,38,227
2022_A15292,72,49,71,192
2021_C15293,93,79,56,228
2019_C15294,93,91,64,248
2019_C15295,76,81,62,219
2019_C15296,72,59,46,177
2019_C15297,78,75,41,194
2019_B15298,78,58,67,203
2019_C15299,76,58,59,193
2019_C15300,82,51,35,168
2021_C15301,72,93,66,231
2019_A15302,95,69,64,228
2022_C15303,77,63,64,204
2022_A15304,80,79,65,224
2022_A15305,91,95,54,240
2019_A15306,90,83,43,216
2019_B15307,92,67,47,206
2021_B15308,95,51,78,224
2021_B15309,93,59,74,226
2019_C15310,94,60,46,200
2022_C15311,87,64,53,204
2022_C15312,81,78,78,237
2022_A15313,92,78,74,244
2019_B15314,91,56,49,196
2019_A15315,92,68,40,200
2022_A15316,87,74,48,209
2021_B15317,94,56,79,229
2022_A15318,90,94,50,234
2022_C15319,73,65,61,199
2019_A15320,91,45,35,171
2019_A15321,83,79,67,229
2021_B15322,87,57,55,199
2019_A15323,90,49,56,195
2019_B15324,78,71,70,219
2021_A15325,75,55,70,200
2021_B15326,86,73,35,194
2021_A15327,83,82,40,205
2019_C15328,79,75,64,218
2022_C15329,81,94,45,220
2022_A15330,78,69,62,209
2022_B15331,75,83,60,218
2022_A15332,76,58,41,175
2019_C15333,72,45,74,191
2022_C15334,89,90,57,236
2021_A15335,82,93,53,228
2022_B15336,94,70,67,231
2019_A15337,77,53,79,209
2019_B15338,75,50,58,183
2019_A15339,71,66,64,201
2019_A15340,94,81,36,211
2021_A15341,84,78,58,220
2019_B15342,77,90,61,228
2022_C15343,81,57,56,194
2019_A15344,79,88,50,217
2019_C15345,82,49,66,197
2019_A15346,91,95,53,239
2019_B15347,83,81,40,204
2019_B15348,91,82,43,216
2019_B15349,72,94,77,243
2022_B15350,90,65,72,227
2019_B15351,91,55,35,181
2019_B15352,80,70,72,222
2021_C15353,78,87,52,217
2021_A15354,86,55,68,209
2022_C15355,95,95,71,261
2021_A15356,84,67,75,226
2021_B15357,93,74,50,217
2021_C15358,82,61,70,213
2019_A15359,85,95,61,241
2021_C15360,75,62,70,207
2022_C15361,97,52,38,187
2022_A15362,77,81,76,234
2019_C15363,97,51,75,223
2022_B15364,84,75,79,238
2022_C15365,74,78,59,211
2019_C15366,97,83,62,242
2021_A15367,82,78,41,201
2019_C15368,84,47,65,196
2021_C15369,73,46,56,175
2022_C15370,79,71,61,211
2021_B15371,83,53,73,209
2019_C15372,73,65,35,173
2019_C15373,92,89,50,231
2019_A15374,86,67,35,188
2019_B15375,92,91,57,240
2019_B15376,94,63,57,214
2022_A15377,91,67,52,210
2021_B15378,79,61,77,217
2022_A15379,76,56,51,183
2019_C15380,80,61,79,220
2022_B15381,81,76,66,223
2021_B15382,92,54,63,209
2022_B15383,93,95,66,254
2021_B15384,91,46,60,197
2019_C15385,78,81,49,208
2021_B15386,72,49,68,189
2021_B15387,91,66,42,199
2022_A15388,73,60,67,200
2019_C15389,76,58,44,178
2021_A15390,76,53,59,188
2019_B15391,80,59,46,185
2019_B15392,74,91,79,244
2019_C15393,81,83,64,228
2019_C15394,88,86,35,209
2021_B15395,95,93,45,233
2021_B15396,82,45,61,188
2019_B15397,83,45,66,194
2019_A15398,83,55,38,176
2022_C15399,97,89,55,241
2019_C15400,77,49,55,181
2019_B15401,72,67,75,214
2019_B15402,96,84,45,225
2022_B15403,89,51,56,196
2021_C15404,96,76,73,245
2022_B15405,71,89,42,202
2019_A15406,89,55,64,208
2022_A15407,85,76,70,231
2022_A15408,88,60,53,201
2021_B15409,91,50,60,201
2019_A15410,76,45,39,160
2019_A15411,84,48,60,192
2022_A15412,84,84,59,227
2021_C15413,76,93,36,205
2021_A15414,88,92,63,243
2021_A15415,84,45,66,195
2022_C15416,88,78,60,226
2019_A15417,85,81,42,208
2021_C15418,73,55,36,164
2022_B15419,86,54,68,208
2019_B15420,82,45,53,180
2019_B15421,71,51,57,179
2021_C15422,85,48,76,209
2019_B15423,87,53,50,190
2022_A15424,72,79,40,191
2021_A15425,85,58,77,220
2021_C15426,85,86,74,245
2021_A15427,74,73,75,222
2019_C15428,86,75,69,230
2019_B15429,78,45,79,202
2021_B15430,72,85,59,216
2021_A15431,85,78,37,200
2019_C15432,83,96,65,244
2019_C15433,90,83,54,227
2022_C15434,80,90,55,225
2022_B15435,80,65,37,182
2021_B15436,79,78,44,201
2019_B15437,85,63,42,190
2019_B15438,80,93,44,217
2019_A15439,72,49,78,199
2022_B15440,77,86,53,216
2021_A15441,71,56,75,202
2019_A15442,88,89,69,246
2019_C15443,88,89,72,249
2022_A15444,74,57,71,202
2021_B15445,96,51,43,190
2019_C15446,91,73,71,235
2021_C15447,90,84,36,210
2019_C15448,83,46,40,169
2022_C15449,95,60,54,209
2021_A15450,94,94,45,233
2021_C15451,80,46,41,167
2021_C15452,77,87,65,229
2019_C15453,81,79,54,214
2021_C15454,78,63,65,206
2019_B15455,75,74,66,215
2019_B15456,90,59,56,205
2021_C15457,86,80,79,245
2022_C15458,72,89,66,227
2019_C15459,72,93,63,228
2021_A15460,87,80,64,231
2019_B15461,94,67,36,197
2021_A15462,83,86,74,243
2021_A15463,83,48,44,175
2022_A15464,74,85,53,212
2019_B15465,88,81,70,239
2021_A15466,81,70,46,197
2021_A15467,90,60,71,221
2022_B15468,84,89,54,227
2022_C15469,85,47,72,204
2019_C15470,90,95,66,251
2022_B15471,94,59,58,211
2022_C15472,80,92,57,229
2019_A15473,82,88,59,229
2022_B15474,77,53,42,172
2021_B15475,85,69,49,203
2021_C15476,75,82,52,209
2019_C15477,80,49,71,200
2019_B15478,77,56,60,193
2021_B15479,90,80,73,243
2021_B15480,80,62,52,194
2021_A15481,89,91,45,225
2022_C15482,80,71,63,214
2021_C15483,89,63,68,220
2019_C15484,83,91,48,222
2022_A15485,76,75,36,187
2021_B15486,89,63,66,218
2019_C15487,83,51,37,171
2021_A15488,90,53,58,201
2019_B15489,82,71,42,195
2021_A15490,76,70,65,211
2021_B15491,87,72,72,231
2021_C15492,80,60,43,183
2021_C15493,71,53,64,188
2022_C15494,96,53,78,227
2021_C15495,71,50,47,168
2019_B15496,77,88,69,234
2019_A15497,75,50,65,190
2019_C15498,86,64,69,219
2022_B15499,76,57,62,195
2022_C15500,85,88,61,234
2019_B15501,85,71,43,199
2022_C15502,85,60,46,191
2021_B15503,81,66,47,194
2019_C15504,83,60,41,184
2019_A15505,76,96,70,242
2019_A15506,85,61,58,204
2021_C15507,87,58,52,197
2019_C15508,85,89,63,237
2022_B15509,78,48,48,174
2022_A15510,93,67,53,213
2022_C15511,97,79,75,251
2021_B15512,94,59,68,221
2019_C15513,82,49,52,183
2019_C15514,73,92,51,216
2021_C15515,74,54,48,176
2021_C15516,77,46,46,169
2019_C15517,82,86,63,231
2019_A15518,79,63,77,219
2019_A15519,95,55,35,185
2019_B15520,82,48,62,192
2021_A15521,89,71,35,195
2021_C15522,92,87,75,254
2021_C15523,86,58,44,188
2022_B15524,71,71,73,215
2019_C15525,75,92,51,218
2022_A15526,75,50,46,171
2022_C15527,96,46,37,179
2021_B15528,81,47,59,187
2022_C15529,80,89,78,247
2019_C15530,90,71,77,238
2021_A15531,85,62,48,195
2019_C15532,93,91,48,232
2021_A15533,78,87,59,224
2021_C15534,97,71,52,220
2022_A15535,93,56,65,214
2021_A15536,72,89,43,204
2022_A15537,90,78,72,240
2019_A15538,76,52,66,194
2019_C15539,77,92,70,239
2019_B15540,72,87,35,194
2019_B15541,88,93,56,237
2021_A15542,84,48,61,193
2019_A15543,90,50,40,180
2022_B15544,79,85,77,241
2019_B15545,95,46,49,190
2021_A15546,95,52,68,215
2021_B15547,80,54,74,208
2019_B15548,75,76,51,202
2022_A15549,90,47,64,201
2022_B15550,91,66,67,224
2021_A15551,77,65,46,188
2021_C15552,89,76,53,218
2019_B15553,96,72,63,231
2019_C15554,73,63,45,181
2019_B15555,78,72,69,219
2022_B15556,71,79,66,216
2021_C15557,78,86,79,243
2021_A15558,90,85,65,240
2022_C15559,95,79,59,233
2022_B15560,95,50,71,216
2021_B15561,75,63,72,210
2019_C15562,91,72,78,241
2022_B15563,82,85,50,217
2022_A15564,87,47,46,180
2019_C15565,77,49,53,179
2019_C15566,97,83,47,227
2022_A15567,86,67,47,200
2022_A15568,84,92,73,249
2021_B15569,77,59,55,191
2019_B15570,79,59,76,214
2021_C15571,92,90,54,236
2021_A15572,88,87,70,245
2019_A15573,74,63,53,190
2022_B15574,72,58,64,194
2022_B15575,79,90,56,225
2022_B15576,89,57,68,214
2021_C15577,81,67,37,185
2019_A15578,96,47,51,194
2021_C15579,94,51,66,211
2022_A15580,72,94,53,219
2021_A15581,97,72,62,231
2019_B15582,96,60,45,201
2022_B15583,75,92,65,232
2022_A15584,93,74,77,244
2019_C15585,87,72,79,238
2019_B15586,90,90,78,258
2022_A15587,74,74,56,204
2019_A15588,97,58,50,205
2022_A15589,75,61,56,192
2021_B15590,79,45,60,184
2021_C15591,80,61,36,177
2021_C15592,83,66,75,224
2022_C15593,78,51,65,194
2021_C15594,84,90,62,236
2022_A15595,87,88,36,211
2021_A15596,95,72,65,232
2022_B15597,81,73,49,203
2019_A15598,86,58,48,192
2019_A15599,76,54,47,177
2019_A15600,80,74,54,208
2019_C15601,91,62,62,215
2021_C15602,73,75,59,207
2019_C15603,80,69,38,187
2019_B15604,96,65,56,217
2019_A15605,95,93,46,234
2022_A15606,76,63,45,184
2019_B15607,74,67,46,187
2019_C15608,79,78,68,225
2022_C15609,75,91,58,224
2019_A15610,77,80,60,217
2021_A15611,86,96,59,241
2019_A15612,82,72,41,195
2022_C15613,82,91,66,239
2021_B15614,84,87,57,228
2021_B15615,77,51,39,167
2019_A15616,72,59,35,166
2022_C15617,96,81,52,229
2022_A15618,87,58,74,219
2019_A15619,73,71,46,190
2021_A15620,82,94,65,241
2022_A15621,73,80,58,211
2019_A15622,71,87,39,197
2022_A15623,88,63,64,215
2019_C15624,95,77,69,241
2019_B15625,87,63,48,198
2021_A15626,95,94,44,233
2019_B15627,80,90,42,212
2021_B15628,73,81,62,216
2021_A15629,95,95,46,236
2019_A15630,94,65,76,235
2019_B15631,80,70,43,193
2021_C15632,79,93,64,236
2019_B15633,71,79,35,185
2019_C15634,87,57,76,220
2022_C15635,84,62,41,187
2021_B15636,81,96,64,241
2019_B15637,76,78,54,208
2022_A15638,75,50,60,185
2022_A15639,97,51,38,186
2019_C15640,71,67,49,187
2019_B15641,88,75,59,222
2021_C15642,75,55,51,181
2022_B15643,85,95,61,241
2022_B15644,93,90,69,252
2022_B15645,86,91,60,237
2022_B15646,94,79,58,231
2022_C15647,82,65,38,185
2019_C15648,74,60,64,198
2021_A15649,74,86,78,238
2022_A15650,86,52,49,187
2022_C15651,73,80,43,196
2021_A15652,97,85,75,257
2021_C15653,89,66,70,225
2022_C15654,77,93,63,233
2021_A15655,73,94,64,231
2021_C15656,92,75,62,229
2019_C15657,73,88,72,233
2019_B15658,94,69,56,219
2021_A15659,78,87,58,223
2019_B15660,81,80,78,239
2021_B15661,73,74,61,208
2022_C15662,71,60,78,209
2019_C15663,71,71,70,212
2019_A15664,88,71,60,219
2022_B15665,84,75,79,238
2021_B15666,84,48,54,186
2022_C15667,85,68,38,191
2022_A15668,95,68,73,236
2021_A15669,71,93,57,221
2021_B15670,76,70,51,197
2022_B15671,83,94,56,233
2022_C15672,76,81,53,210
2019_C15673,92,46,69,207
2019_A15674,95,48,40,183
2021_C15675,94,92,57,243
2019_C15676,72,93,77,242
2022_B15677,78,49,37,164
2019_B15678,88,69,59,216
2022_B15679,95,92,57,244
2019_C15680,74,83,36,193
2022_B15681,94,65,71,230
2021_A15682,82,45,43,170
2021_C15683,84,92,39,215
2022_B15684,90,96,43,229
2021_B15685,97,53,61,211
2021_B15686,88,62,76,226
2019_B15687,94,83,44,221
2022_B15688,85,47,50,182
2022_A15689,88,83,72,243
2021_B15690,88,88,63,239
2019_C15691,79,50,38,167
2021_C15692,84,54,66,204
2019_A15693,89,83,60,232
2021_A15694,89,93,59,241
2022_B15695,92,51,76,219
2022_C15696,74,55,42,171
2022_A15697,81,57,51,189
2022_C15698,89,96,66,251
2019_C15699,86,58,42,186
2021_A15700,91,96,56,243
2019_C15701,75,93,61,229
2021_B15702,95,58,70,223
2021_C15703,74,84,73,231
2019_C15704,83,56,59,198
2019_A15705,84,85,52,221
2022_C15706,72,45,69,186
2021_B15707,84,79,70,233
2019_C15708,97,61,66,224
2022_B15709,92,57,78,227
2021_B15710,81,61,76,218
2022_A15711,96,79,47,222
2019_B15712,92,62,74,228
2019_B15713,71,69,37,177
2021_B15714,97,59,44,200
2022_A15715,80,50,49,179
2022_B15716,91,84,78,253
2021_C15717,84,82,52,218
2022_C15718,97,75,50,222
2021_A15719,78,82,59,219
2019_C15720,77,62,51,190
2021_A15721,74,63,65,202
2019_B15722,97,54,38,189
2019_B15723,85,81,55,221
2019_B15724,91,92,53,236
2022_C15725,78,90,41,209
2022_B15726,71,91,43,205
2022_B15727,72,96,70,238
2019_A15728,88,83,76,247
2021_A15729,83,68,75,226
2022_B15730,76,64,66,206
2021_C15731,74,63,35,172
2022_B15732,85,76,41,202
2021_C15733,85,87,79,251
2022_B15734,91,78,67,236
2021_A15735,81,77,47,205
2022_C15736,97,83,46,226
2022_A15737,83,55,66,204
2019_A15738,78,54,52,184
2021_B15739,90,84,79,253
2021_C15740,90,69,56,215
2019_B15741,95,79,46,220
2021_C15742,93,92,69,254
2021_B15743,74,91,42,207
2021_C15744,71,54,66,191
2019_C15745,89,50,46,185
2021_A15746,96,54,47,197
2021_A15747,75,64,45,184
2019_C15748,96,71,46,213
2019_B15749,71,92,44,207
2021_A15750,71,72,66,209
2021_A15751,78,54,44,176
2019_C15752,94,80,69,243
2022_B15753,86,82,63,231
2022_A15754,71,71,64,206
2022_C15755,90,86,63,239
2022_B15756,95,51,37,183
2021_C15757,95,59,72,226
2019_B15758,78,57,59,194
2021_B15759,84,51,67,202
2019_B15760,90,68,62,220
2019_C15761,92,51,48,191
2019_B15762,97,55,74,226
2021_C15763,82,89,59,230
2022_C15764,84,57,59,200
2019_A15765,81,53,74,208
2021_A15766,74,91,78,243
2021_A15767,74,88,48,210
2021_C15768,95,69,76,240
2022_A15769,84,69,40,193
2021_C15770,91,81,48,220
2019_C15771,94,49,78,221
2019_C15772,88,77,68,233
2022_B15773,76,49,41,166
2021_C15774,92,51,55,198
2022_C15775,74,68,49,191
2022_C15776,97,67,39,203
2022_A15777,90,86,73,249
2022_B15778,72,86,74,232
2021_B15779,93,72,42,207
2019_C15780,85,93,54,232
2019_B15781,75,55,68,198
2019_C15782,71,75,63,209
2019_C15783,91,60,41,192
2021_A15784,83,63,56,202
2021_C15785,77,87,57,221
2019_C15786,95,68,70,233
2022_A15787,87,65,69,221
2021_B15788,76,94,56,226
2021_A15789,81,45,64,190
2019_C15790,97,52,66,215
2019_B15791,84,60,76,220
2022_B15792,84,64,68,216
2021_B15793,87,92,48,227
2022_B15794,91,88,78,257
2021_A15795,84,58,51,193
2019_C15796,80,60,72,212
2019_A15797,96,79,54,229
2021_B15798,76,90,35,201
2021_A15799,91,88,78,257
2022_A15800,82,92,54,228
2021_B15801,83,88,57,228
2019_A15802,79,54,70,203
2021_B15803,94,91,75,260
2021_C15804,83,54,44,181
2021_B15805,93,92,66,251
2021_C15806,79,74,48,201
2022_C15807,81,71,72,224
2019_C15808,75,65,38,178
2022_C15809,86,89,79,254
2021_B15810,92,63,55,210
2022_C15811,96,49,75,220
2021_A15812,72,77,53,202
2022_C15813,75,70,50,195
2021_C15814,78,76,40,194
2019_A15815,85,62,47,194
2019_C15816,73,45,74,192
2019_A15817,75,78,51,204
2021_B15818,73,89,73,235
2021_C15819,78,77,47,202
2021_B15820,87,60,69,216
2021_C15821,96,63,63,222
2019_B15822,79,82,71,232
2022_C15823,77,81,37,195
2022_C15824,74,50,53,177
2021_B15825,79,92,64,235
2022_B15826,92,54,45,191
2019_A15827,97,64,49,210
2019_A15828,72,82,39,193
2019_A15829,85,93,59,237
2022_A15830,79,58,53,190
2022_A15831,75,45,58,178
2019_A15832,79,56,64,199
2022_B15833,93,77,68,238
2022_A15834,93,92,64,249
2021_B15835,89,89,66,244
2022_C15836,73,48,57,178
2019_C15837,77,90,60,227
2021_B15838,86,93,36,215
2022_B15839,94,80,53,227
2022_A15840,88,73,42,203
2019_A15841,89,89,65,243
2021_B15842,85,69,42,196
2022_B15843,79,86,38,203
2019_C15844,80,94,57,231
2022_A15845,80,56,62,198
2021_A15846,93,93,35,221
2019_B15847,91,58,71,220
2019_C15848,82,47,69,198
2022_B15849,92,93,41,226
2021_C15850,79,71,48,198
2021_C15851,74,73,62,209
2022_B15852,79,68,62,209
2019_B15853,91,84,79,254
2019_C15854,73,75,61,209
2021_C15855,94,56,55,205
2022_C15856,77,70,72,219
2019_B15857,81,67,65,213
2019_A15858,94,60,45,199
2019_B15859,78,75,52,205
2021_C15860,75,54,55,184
2022_A15861,87,53,47,187
2022_C15862,83,46,66,195
2019_B15863,76,94,44,214
2021_B15864,87,84,50,221
2019_C15865,91,85,53,229
2019_C15866,75,70,50,195
2022_B15867,96,72,41,209
2019_A15868,93,80,52,225
2022_A15869,78,46,76,200
2022_A15870,85,61,38,184
2019_B15871,84,88,54,226
2022_A15872,75,55,54,184
2021_A15873,79,89,49,217
2022_B15874,93,50,42,185
2021_C15875,80,62,52,194
2019_B15876,86,87,75,248
2022_A15877,94,67,38,199
2019_C15878,92,74,71,237
2021_C15879,97,84,79,260
2019_C15880,86,56,79,221
2021_C15881,89,64,61,214
2022_B15882,90,56,71,217
2019_A15883,95,94,50,239
2022_B15884,74,81,72,227
2021_A15885,78,65,42,185
2022_A15886,75,71,38,184
2021_B15887,72,49,66,187
2022_B15888,93,60,46,199
2019_C15889,74,91,63,228
2022_A15890,90,89,50,229
2021_A15891,73,86,47,206
2021_A15892,74,67,37,178
2019_B15893,75,49,35,159
2022_C15894,75,60,64,199
2019_A15895,85,83,73,241
2022_B15896,91,67,56,214
2021_B15897,77,76,79,232
2021_B15898,84,63,63,210
2021_B15899,90,80,35,205
2022_A15900,79,58,39,176
2019_A15901,86,52,72,210
2019_B15902,75,79,35,189
2019_A15903,71,51,49,171
2019_C15904,94,68,53,215
2022_C15905,93,91,62,246
2022_B15906,82,70,49,201
2019_B15907,74,91,71,236
2019_B15908,97,73,64,234
2022_A15909,84,70,73,227
2019_A15910,86,93,79,258
2022_A15911,73,92,66,231
2022_B15912,90,55,61,206
2019_C15913,84,71,62,217
2022_A15914,87,57,38,182
2021_C15915,86,73,64,223
2022_B15916,75,91,66,232
2019_B15917,75,58,62,195
2021_A15918,88,94,55,237
2021_B15919,91,88,52,231
2022_B15920,96,77,53,226
2019_C15921,86,74,73,233
2021_A15922,83,90,61,234
2022_A15923,81,85,61,227
2021_C15924,73,47,65,185
2022_B15925,77,72,56,205
2019_C15926,73,61,39,173
2019_B15927,80,82,68,230
2022_A15928,87,67,76,230
2019_A15929,75,48,40,163
2021_A15930,94,53,64,211
2022_C15931,73,56,55,184
2022_B15932,97,67,39,203
2019_A15933,91,58,65,214
2022_A15934,83,65,72,220
2021_B15935,88,63,40,191
2019_A15936,82,60,45,187
2019_B15937,71,96,37,204
2021_A15938,83,46,71,200
2021_B15939,82,83,62,227
2021_A15940,80,91,51,222
2021_C15941,84,48,48,180
2019_C15942,86,79,45,210
2022_A15943,84,60,55,199
2021_A15944,84,96,68,248
2022_A15945,76,96,70,242
2021_C15946,84,84,55,223
2021_A15947,93,90,72,255
2022_A15948,76,85,59,220
2022_C15949,94,53,56,203
2019_C15950,88,48,70,206
2021_A15951,73,56,58,187
2022_C15952,95,73,78,246
2021_A15953,74,82,42,198
2022_C15954,75,76,79,230
2019_B15955,89,65,78,232
2019_A15956,91,52,38,181
2021_B15957,80,92,55,227
2022_A15958,84,50,58,192
2019_C15959,93,49,49,191
2019_B15960,82,72,72,226
2021_C15961,85,80,71,236
2021_A15962,79,56,54,189
2019_A15963,71,45,54,170
2022_B15964,82,90,73,245
2021_A15965,72,63,48,183
2021_B15966,94,58,56,208
2022_C15967,95,70,73,238
2021_B15968,88,48,35,171
2021_C15969,96,84,63,243
2021_B15970,79,57,76,212
2021_C15971,89,84,48,221
2019_C15972,79,55,53,187
2021_A15973,84,60,79,223
2019_C15974,72,92,41,205
2019_B15975,73,85,51,209
2022_A15976,75,72,43,190
2019_C15977,86,81,56,223
2019_C15978,71,69,58,198
2019_A15979,97,94,52,243
2021_C15980,74,90,62,226
2022_A15981,85,90,63,238
2019_C15982,83,71,66,220
2019_C15983,93,67,54,214
2021_B15984,97,55,70,222
2019_B15985,95,90,56,241
2022_A15986,95,84,78,257
2022_A15987,86,66,51,203
2021_C15988,92,55,49,196
2021_C15989,74,73,75,222
2022_C15990,74,52,61,187
2022_A15991,84,86,45,215
2022_C15992,90,96,53,239
2021_C15993,72,88,53,213
2019_A15994,84,92,44,220
2019_B15995,74,86,54,214
2022_B15996,76,87,56,219
2021_B15997,82,89,74,245
2021_B15998,93,67,77,237
2021_B15999,86,82,43,211
2021_C16000,87,77,36,200
2021_C16001,92,84,77,253
2021_C16002,94,72,40,206
2022_C16003,85,46,59,190
2019_B16004,84,84,53,221
2022_A16005,85,66,37,188
2022_B16006,81,66,53,200
2021_A16007,94,60,37,191
2019_C16008,76,65,57,198
2021_B16009,85,54,69,208
2019_B16010,82,79,57,218
2019_A16011,76,61,50,187
2019_C16012,85,46,70,201
2019_C16013,96,73,55,224
2022_A16014,90,56,39,185
2021_A16015,76,65,76,217
2022_A16016,74,87,67,228
2022_A16017,81,84,72,237
2019_C16018,94,52,77,223
2019_B16019,75,66,54,195
2022_B16020,88,96,71,255
2021_A16021,83,88,47,218
2021_C16022,72,56,42,170
2021_A16023,93,50,65,208
2022_A16024,79,46,77,202
2021_B16025,90,72,42,204
2022_A16026,88,89,42,219
2021_B16027,81,49,39,169
2021_C16028,84,87,52,223
2021_B16029,78,80,72,230
2021_C16030,87,83,37,207
2021_B16031,86,71,59,216
2019_A16032,71,66,54,191
2021_C16033,89,67,56,212
2019_B16034,83,81,63,227
2022_C16035,72,70,75,217
2021_B16036,78,86,66,230
2019_A16037,97,80,62,239
2019_B16038,78,49,70,197
2022_B16039,95,69,57,221
2022_A16040,89,59,43,191
2022_A16041,89,71,54,214
2021_B16042,78,78,76,232
2022_C16043,91,77,51,219
2019_A16044,95,76,56,227
2019_C16045,92,47,39,178
2021_C16046,93,76,57,226
2022_C16047,72,45,64,181
2022_B16048,89,73,60,222
2019_B16049,87,80,78,245
2021_C16050,95,91,41,227
2022_A16051,80,59,35,174
2022_A16052,88,76,76,240
2019_C16053,91,68,37,196
2019_B16054,84,45,51,180
2022_A16055,90,70,68,228
2022_A16056,91,88,62,241
2022_B16057,92,50,73,215
2022_C16058,91,69,42,202
2021_C16059,76,65,79,220
2022_B16060,81,51,43,175
2019_A16061,97,87,73,257
2019_B16062,78,58,37,173
2021_B16063,75,92,79,246
2022_C16064,77,96,48,221
2019_B16065,91,67,79,237
2019_B16066,85,46,55,186
2019_B16067,95,49,39,183
2021_A16068,86,71,49,206
2019_A16069,92,87,69,248
2022_A16070,96,59,62,217
2019_B16071,87,49,72,208
2019_C16072,87,89,75,251
2022_C16073,84,89,40,213
2021_B16074,76,45,41,162
2021_A16075,73,63,67,203
2019_C16076,77,90,41,208
2019_A16077,96,91,56,243
2022_C16078,94,50,41,185
2022_B16079,93,55,62,210
2022_B16080,73,96,77,246
2019_A16081,76,64,70,210
2021_C16082,86,48,36,170
2022_C16083,78,73,56,207
2021_C16084,97,69,50,216
2021_A16085,82,52,69,203
2022_B16086,94,61,40,195
2019_B16087,96,87,68,251
2021_A16088,79,63,42,184
2021_A16089,87,91,66,244
2021_C16090,95,93,37,225
2019_A16091,74,64,74,212
2022_C16092,96,96,53,245
2019_C16093,92,96,51,239
2021_B16094,96,81,67,244
2022_C16095,95,93,59,247
2019_C16096,71,70,76,217
2022_C16097,93,72,39,204
2022_C16098,81,70,53,204
2021_C16099,76,46,49,171
2019_C16100,71,66,69,206
2022_C16101,71,54,77,202
2021_A16102,95,71,59,225
2021_B16103,74,89,79,242
2021_B16104,80,57,72,209
2019_A16105,82,45,68,195
2021_A16106,95,64,58,217
2022_B16107,96,82,37,215
2022_A16108,81,85,48,214
2021_C16109,83,64,54,201
2021_A16110,92,83,67,242
2019_A16111,94,92,68,254
2022_B16112,80,73,60,213
2021_A16113,79,67,79,225
2019_B16114,94,56,58,208
2021_B16115,71,82,79,232
2021_B16116,80,55,37,172
2019_C16117,85,61,57,203
2021_A16118,87,70,49,206
2021_A16119,91,60,40,191
2022_C16120,96,45,76,217
2019_C16121,93,67,55,215
2021_C16122,88,86,68,242
2022_C16123,83,56,51,190
2022_C16124,95,80,41,216
2021_B16125,74,54,39,167
2021_A16126,75,65,79,219
2019_A16127,72,80,62,214
2019_A16128,92,73,74,239
2022_B16129,71,58,70,199
2022_B16130,97,74,71,242
2021_B16131,84,73,46,203
2019_C16132,94,52,46,192
2019_C16133,95,50,43,188
2021_B16134,95,73,56,224
2021_B16135,72,96,69,237
2019_A16136,76,87,73,236
2019_B16137,90,84,62,236
2019_B16138,96,89,71,256
2022_B16139,81,81,43,205
2022_B16140,82,83,49,214
2019_A16141,92,72,74,238
2019_C16142,79,65,48,192
2019_C16143,78,92,57,227
2022_B16144,94,51,54,199
2022_C16145,87,49,74,210
2021_B16146,84,71,37,192
2021_A16147,90,64,36,190
2021_A16148,80,62,63,205
2022_B16149,91,85,36,212
2022_B16150,71,87,67,225
2022_A16151,94,72,76,242
2022_C16152,97,77,63,237
2021_B16153,95,63,56,214
2019_C16154,85,71,44,200
2021_A16155,88,58,36,182
2019_B16156,88,74,78,240
2022_B16157,78,53,52,183
2019_A16158,80,47,43,170
2019_C16159,80,67,55,202
2021_A16160,83,95,65,243
2019_C16161,81,89,43,213
2021_A16162,97,72,49,218
2022_A16163,87,78,79,244
2019_B16164,87,79,37,203
2019_B16165,76,53,76,205
2019_C16166,85,88,43,216
2019_B16167,93,91,67,251
2019_C16168,92,53,39,184
2022_A16169,84,82,69,235
2021_A16170,82,95,55,232
2021_A16171,84,59,59,202
2022_C16172,89,54,64,207
2019_C16173,90,54,58,202
2021_A16174,81,89,74,244
2019_A16175,74,91,46,211
2022_B16176,80,81,58,219
2021_B16177,94,92,57,243
2021_C16178,81,72,72,225
2021_A16179,81,74,58,213
2019_B16180,81,68,66,215
2021_B16181,81,58,37,176
2021_C16182,76,84,66,226
2021_A16183,91,51,38,180
2022_B16184,97,94,46,237
2019_C16185,84,52,65,201
2021_C16186,77,80,77,234
2021_A16187,85,81,57,223
2022_A16188,95,95,68,258
2021_C16189,72,56,48,176
2019_B16190,92,55,38,185
2019_B16191,96,65,68,229
2021_C16192,73,81,75,229
2022_B16193,86,91,60,237
2021_B16194,90,72,36,198
2021_C16195,82,79,35,196
2021_B16196,89,74,64,227
2022_A16197,75,92,50,217
2022_B16198,89,94,61,244
2022_A16199,73,68,77,218
2022_C16200,71,66,42,179
2022_C16201,75,75,44,194
2022_B16202,94,68,52,214
2019_C16203,77,65,66,208
2021_A16204,74,84,60,218
2021_B16205,81,89,54,224
2021_C16206,78,90,42,210
2019_A16207,78,70,61,209
2022_A16208,89,82,36,207
2019_A16209,84,50,70,204
2022_C16210,86,89,72,247
2021_B16211,81,83,36,200
2022_B16212,86,79,52,217
2021_A16213,81,65,45,191
2022_C16214,82,75,57,214
2019_A16215,89,66,48,203
2022_A16216,93,84,46,223
2021_C16217,92,89,57,238
2022_B16218,76,81,44,201
2021_C16219,76,78,36,190
2019_A16220,95,66,38,199
2019_B16221,91,70,69,230
2021_A16222,95,49,68,212
2021_B16223,81,85,64,230
2021_C16224,85,50,60,195
2022_A16225,93,92,40,225
2022_C16226,93,56,48,197
2021_C16227,75,60,61,196
2019_A16228,82,80,78,240
2019_B16229,88,62,47,197
2019_C16230,71,52,41,164
2022_C16231,95,63,40,198
2022_A16232,71,63,49,183
2022_B16233,90,89,61,240
2021_B16234,96,59,72,227
2019_C16235,73,53,53,179
2019_A16236,92,91,78,261
2021_C16237,89,67,46,202
2022_C16238,72,64,59,195
2022_B16239,92,93,44,229
2022_C16240,84,81,58,223
2019_A16241,82,51,70,203
2021_B16242,76,75,64,215
2021_A16243,82,53,62,197
2021_B16244,73,93,72,238
2021_B16245,81,50,73,204
2022_C16246,92,67,54,213
2021_C16247,75,70,78,223
2021_C16248,86,52,40,178
2022_A16249,84,48,73,205
2021_C16250,77,91,61,229
2021_B16251,85,68,61,214
